$ 1 0.000005 0.8729138363720133 43 5 43 5e-11
w -192 352 -96 432 0
! default 0 A,B,C,D H,\sI,\sJ,\sK,\sL,\sM,\sN,\sO,\sP,\sQ,\sR,\sS,\sT,\sU,\sV,\sW custom\slogic 0000\q0000000010000000\n1000\q0000000001000000\n0100\q0000000000100000\n1100\q0000000000010000\n0010\q0000000000001000\n1010\q0000000000000100\n0110\q0000000000000010\n1110\q0000000000000001\n0001\q1000000000000000\n1001\q0100000000000000\n0101\q0010000000000000\n1101\q0001000000000000\n0011\q0000100000000000\n1011\q0000010000000000\n0111\q0000001000000000\n1111\q0000000100000000\n
208 -96 336 -48 336 0 default 0 0 0 0 0 0 0 0 0 0 0 0 0 5 0 0
L -288 448 -320 448 0 0 false 5 0
w -96 400 -192 384 0
w -192 448 -96 336 0
w -192 416 -96 368 0
L -288 352 -320 352 0 1 false 5 0
L -288 416 -320 416 0 1 false 5 0
164 -288 352 -176 352 4 4 0 5 0 5 false 0
w 416 896 400 896 0
r 416 896 448 896 0 781
368 1136 304 1168 304 0 0
w 368 448 368 432 0
w 96 448 368 448 0
w 0 448 0 432 0
w 96 416 256 416 0
w 128 352 176 352 0
w 128 368 128 352 0
w 96 368 128 368 0
w 96 336 112 336 0
w 400 320 400 304 0
w 416 320 400 320 0
w 416 400 416 320 0
w 400 400 416 400 0
w 384 832 384 896 0
w 432 464 384 464 0
w 432 368 432 464 0
w 400 368 432 368 0
w 368 432 368 384 0
w 304 784 304 896 0
w 336 416 304 416 0
w 336 368 336 416 0
w 304 368 336 368 0
w 304 320 304 304 0
w 320 320 304 320 0
w 320 400 320 320 0
w 304 400 320 400 0
w 224 320 224 304 0
w 256 320 224 320 0
w 256 400 256 320 0
w 224 400 256 400 0
w 224 864 224 896 0
w 240 496 224 496 0
w 240 368 240 496 0
w 224 368 240 368 0
w 272 416 272 384 0
w 256 416 272 416 0
w 144 320 144 304 0
w 176 320 144 320 0
w 176 400 176 320 0
w 192 352 192 384 0
w 176 352 192 352 0
w 144 400 176 400 0
w 144 848 144 896 0
w 160 480 144 480 0
w 160 368 160 480 0
w 144 368 160 368 0
t 112 384 144 384 0 1 -4.999999962500811 -1.252808163300263 100 default
t 208 384 224 384 0 1 -4.711734615305952 -1.252808165414208 100 default
t 288 384 304 384 0 1 -4.42346927457048 -1.2528081675281528 100 default
t 368 384 400 384 0 1 -4.135203939844123 -1.2528081696420976 100 default
x -135 282 -3 285 4 24 2x4\sdecoder
x 126 212 450 215 4 35 Digital\sPotentiometer
x -211 311 -179 314 4 24 Q1
w 32 400 32 416 0
w 0 400 32 400 0
x 10 954 44 957 4 24 Vin
x 418 271 466 274 4 24 Vout
w 400 304 464 304 0
w 112 384 112 336 0
w 288 384 272 384 0
w 208 384 192 384 0
w 224 304 144 304 0
w 304 304 224 304 0
w 400 304 304 304 0
w 384 896 400 896 0
w 304 896 320 896 0
w 288 896 304 896 0
w 224 896 240 896 0
w 208 896 224 896 0
w 160 896 144 896 0
w 128 896 144 896 0
w 352 896 384 896 0
w 272 896 288 896 0
w 192 896 208 896 0
r 320 896 352 896 0 781
r 240 896 272 896 0 781
r 160 896 192 896 0 781
w 80 896 128 896 0
w 80 928 80 896 0
g 80 976 80 992 0 0
v 80 976 80 928 0 0 40 5 0 0 0.5
w 48 336 96 336 0
w 96 368 48 368 0
w 64 416 96 416 0
w 96 448 48 448 0
w 448 896 464 896 0
w 464 896 464 864 0
w 464 896 480 896 0
r 480 896 512 896 0 781
w 512 896 528 896 0
w 528 896 528 880 0
w 528 896 544 896 0
r 544 896 576 896 0 781
t 448 384 480 384 0 1 -3.846938610676613 -1.2528081717560424 100 default
t 528 384 560 384 0 1 -3.5586732866176765 -1.2528081738699872 100 default
w 480 400 496 400 0
w 496 400 496 320 0
w 496 320 464 320 0
w 464 320 464 304 0
w 480 368 512 368 0
w 512 368 512 496 0
w 512 496 464 496 0
w 448 384 448 480 0
w 16 480 16 464 0
w 16 464 0 464 0
w 528 384 528 464 0
w 528 464 480 464 0
w 480 464 480 512 0
w 0 512 0 496 0
w 560 400 592 400 0
w 592 400 592 304 0
w 560 368 576 368 0
w 576 368 576 480 0
w 576 480 528 480 0
w 528 480 528 512 0
w 464 304 592 304 0
r 16 480 48 480 0 7333.33
r 0 512 32 512 0 7333.33
r 0 448 48 448 0 7333.33
r 32 416 64 416 0 7333.33
r 0 368 48 368 0 7333.33
r 0 336 48 336 0 7333.33
w 48 480 448 480 0
w 480 512 32 512 0
w 144 480 144 848 0
w 224 864 224 496 0
w 304 784 304 416 0
w 384 464 384 832 0
w 464 864 464 496 0
w 528 880 528 512 0
t 544 528 560 528 0 1 -3.2704079672170447 -1.252808175983932 100 default
w 576 896 576 528 0
w 576 528 576 512 0
w 576 512 560 512 0
w 560 544 608 544 0
w 608 544 608 320 0
w 608 320 608 304 0
r 576 896 624 896 0 781
t 608 576 624 576 0 1 -2.982142652024447 -1.2528081780978766 100 default
w 624 896 640 896 0
w 640 896 640 560 0
w 640 560 624 560 0
w 624 592 656 592 0
w 656 592 656 304 0
r 640 896 672 896 0 781
t 656 624 672 624 0 1 -2.6938773405896135 -1.2528081802118212 100 default
w 672 608 688 608 0
w 688 608 688 880 0
w 688 880 672 880 0
w 672 880 672 896 0
w 672 640 704 640 0
w 704 640 704 368 0
w 704 368 704 304 0
t 704 688 720 688 0 1 -2.405612032462272 -1.252808182325766 100 default
w 720 672 736 672 0
w 736 672 736 896 0
r 672 896 736 896 0 781
w 720 704 752 704 0
w 752 704 752 304 0
r 736 896 784 896 0 781
t 752 736 768 736 0 1 -2.117346727192153 -1.2528081844397105 100 default
w 768 720 784 720 0
w 784 720 784 896 0
w 768 752 800 752 0
w 800 752 800 480 0
w 800 480 800 304 0
t 800 784 816 784 0 1 -1.8290814243289868 -1.2528081865536551 100 default
w 816 800 832 800 0
w 832 800 832 480 0
w 832 480 832 304 0
w 816 768 848 768 0
w 848 768 848 896 0
r 784 896 848 896 0 781
r 0 528 32 528 0 7333.33
w 32 528 544 528 0
r 0 560 32 560 0 7333.33
w 32 560 608 576 0
r 0 592 32 592 0 7333.33
w 32 592 656 624 0
r 0 624 32 624 0 7333.33
w 32 624 704 688 0
r 0 656 32 656 0 7333.33
w 32 656 752 736 0
r 0 688 32 688 0 7333.33
w 32 688 800 784 0
r 848 896 896 896 0 781
t 864 816 880 816 0 1 -1.5408161234225024 -1.2528081886675997 100 default
w 880 800 896 800 0
w 896 800 896 896 0
w 880 832 912 832 0
w 912 832 912 432 0
w 912 432 912 304 0
r 896 896 928 896 0 781
t 896 864 928 864 0 1 0.5736468831070585 0.5733895163479443 100 default
w 928 848 928 896 0
w 928 880 944 880 0
w 944 880 944 736 0
w 944 736 944 304 0
w 928 896 944 896 0
g 1104 896 1104 912 0 0
w 592 304 608 304 0
w 608 304 656 304 0
w 656 304 704 304 0
w 704 304 752 304 0
w 752 304 800 304 0
w 800 304 832 304 0
w 832 304 912 304 0
w 912 304 944 304 0
w 944 304 992 304 0
t 960 544 976 544 0 1 -0.6262754115559963 -1.2528081953742285 100 default
w 976 528 992 528 0
w 992 528 992 896 0
w 976 560 1008 560 0
w 1008 560 1008 304 0
t 1008 592 1024 592 0 1 9.920588608418283e-11 -1.2528082007002457 100 default
w 1024 576 1040 576 0
w 1040 576 1040 896 0
w 1024 608 1056 608 0
w 1056 608 1056 304 0
w 992 304 1008 304 0
w 1008 304 1056 304 0
w 1056 304 1136 304 0
w 1040 896 1104 896 0
r 944 896 992 896 0 781
r 992 896 1040 896 0 781
r 0 720 32 720 0 7333.33
r 0 752 32 752 0 7333.33
r 0 784 32 784 0 7333.33
r 0 816 32 816 0 7333.33
w 32 720 864 816 0
w 32 752 896 864 0
w 32 784 960 544 0
w 32 816 1008 592 0
