$ 1 0.000005 0.8729138363720133 43 5 43 5e-11
x 537 174 561 177 4 12 Vout
x 153 170 346 173 4 24 Up/down\sCounter\s
x -62 308 38 311 4 14 Clamped\s>\sFree
x 11 155 90 158 4 14 Clamped\s>\s0
a 0 208 64 208 8 5 0 1000000 0 0 100000
a -32 240 32 240 8 5 0 1000000 0 0 100000
w 32 240 32 224 0
w 64 272 32 272 0
w 80 272 64 272 0
r 64 272 64 240 0 100000
r 32 272 32 240 0 100000
R 80 272 112 272 0 0 40 5 0 0 0.5
155 128 224 192 224 0 0
R 0 192 -32 192 0 0 40 0 0 0 0.5
x -63 228 -39 231 4 12 Free
x -86 259 -38 262 4 12 Clamped
! default 0 A,B,C,D H,\sI,\sJ,\sK,\sL,\sM,\sN,\sO,\sP,\sQ,\sR,\sS,\sT,\sU,\sV,\sW custom\slogic 0000\q0000000010000000\n1000\q0000000001000000\n0100\q0000000000100000\n1100\q0000000000010000\n0010\q0000000000001000\n1010\q0000000000000100\n0110\q0000000000000010\n1110\q0000000000000001\n0001\q1000000000000000\n1001\q0100000000000000\n0101\q0010000000000000\n1101\q0001000000000000\n0011\q0000100000000000\n1011\q0000010000000000\n0111\q0000001000000000\n1111\q0000000100000000\n
208 336 208 368 208 0 default 5 0 0 0 0 0 0 0 0 0 0 0 0 0 0 0
150 80 224 128 224 0 2 0 5
164 224 208 288 208 12 4 5 0 0 0 false 0
x 52 353 188 356 4 24 Global\sClock
w 320 272 336 240 0
w 320 304 336 208 0
w 320 240 336 272 0
w 320 208 336 304 0
w 224 304 240 352 0
w 256 352 240 352 0
w 64 240 64 208 0
w 64 208 80 208 0
w 32 240 80 240 0
w 128 320 128 256 0
w 128 320 224 208 0
r 432 208 448 208 0 7333.33
r 432 240 448 240 0 7333.33
r 432 272 448 272 0 7333.33
r 432 304 448 304 0 7333.33
t 448 208 464 208 0 1 -2.611201033175803e-9 0.15192264193302218 100 default
t 464 240 480 240 0 1 -4.687499954511001 -4.848077319984601 100 default
t 448 272 464 272 0 1 -4.374999950398473 -4.848077322276267 100 default
t 464 304 480 304 0 1 -4.062499949411444 -4.8480773245679325 100 default
w 448 240 464 240 0
w 448 304 464 304 0
r 496 240 512 240 0 781
r 512 240 528 240 0 781
r 528 240 544 240 0 781
r 544 240 560 240 0 781
w 496 240 496 192 0
w 496 192 496 176 0
368 576 192 608 192 0 0
w 576 192 576 176 0
r 432 432 448 432 0 7333.33
r 432 400 448 400 0 7333.33
r 432 368 448 368 0 7333.33
r 432 336 448 336 0 7333.33
r 432 560 448 560 0 7333.33
r 432 528 448 528 0 7333.33
r 432 496 448 496 0 7333.33
r 432 464 448 464 0 7333.33
r 432 688 448 688 0 7333.33
r 432 656 448 656 0 7333.33
r 432 624 448 624 0 7333.33
r 432 592 448 592 0 7333.33
x 462 173 479 176 4 12 Vin
v 496 128 496 144 0 0 40 5 0 0 0.5
w 496 144 496 176 0
g 496 128 496 112 0 0
w 464 224 576 192 0
w 480 256 576 192 0
w 464 288 576 192 0
w 480 320 576 192 0
w 464 192 496 240 0
w 480 224 512 240 0
w 464 256 528 240 0
w 480 288 544 240 0
w 480 416 544 368 0
w 464 384 528 368 0
w 480 352 512 368 0
w 464 320 496 368 0
w 480 448 576 320 0
w 464 416 576 320 0
w 480 384 576 320 0
w 464 352 576 320 0
r 544 368 560 368 0 781
r 528 368 544 368 0 781
r 512 368 528 368 0 781
r 496 368 512 368 0 781
w 448 432 464 432 0
w 448 368 464 368 0
t 464 432 480 432 0 1 -2.812499966955841 -4.848077333734595 100 default
t 448 400 464 400 0 1 -3.124999960322116 -4.848077331442929 100 default
t 464 368 480 368 0 1 -3.437499954861392 -4.8480773291512635 100 default
t 448 336 464 336 0 1 -3.7499999510617927 -4.848077326859598 100 default
w 576 320 576 192 0
w 496 368 560 240 0
w 480 544 544 496 0
w 464 512 528 496 0
w 480 480 512 496 0
w 464 448 496 496 0
w 480 576 576 448 0
w 464 544 576 448 0
w 480 512 576 448 0
w 464 480 576 448 0
r 544 496 560 496 0 781
r 528 496 544 496 0 781
r 512 496 528 496 0 781
r 496 496 512 496 0 781
w 448 560 464 560 0
w 448 496 464 496 0
t 464 560 480 560 0 1 -1.5624999954582557 -4.848077342901257 100 default
t 448 528 464 528 0 1 -1.8749999890137747 -4.848077340609591 100 default
t 464 496 480 496 0 1 -2.1874999817897955 -4.848077338317926 100 default
t 448 464 464 464 0 1 -2.4999999742744428 -4.84807733602626 100 default
w 496 496 560 368 0
w 576 448 576 320 0
w 480 672 544 624 0
w 464 640 528 624 0
w 480 608 512 624 0
w 464 576 496 624 0
w 480 704 576 576 0
w 464 672 576 576 0
w 480 640 576 576 0
w 464 608 576 576 0
r 544 624 560 624 0 781
r 528 624 544 624 0 781
r 512 624 528 624 0 781
r 496 624 512 624 0 781
w 448 688 464 688 0
w 448 624 464 624 0
t 464 688 480 688 0 1 -0.3125000036786942 -4.84807735206792 100 default
t 448 656 464 656 0 1 -0.6250000052334569 -4.848077349776253 100 default
t 464 624 480 624 0 1 -0.9375000040562214 -4.848077347484588 100 default
t 448 592 464 592 0 1 -1.2500000006351124 -4.848077345192922 100 default
w 496 624 560 496 0
w 576 576 576 448 0
g 560 624 560 640 0 0
g 1344 624 1344 640 0 0
w 1360 576 1360 448 0
w 1280 624 1344 496 0
t 1232 592 1248 592 0 1 -1.2500000006351106 -4.848077345192923 100 default
t 1248 624 1264 624 0 1 -0.9375000040562202 -4.848077347484589 100 default
t 1232 656 1248 656 0 1 -0.6250000052334561 -4.848077349776254 100 default
t 1248 688 1264 688 0 1 -0.3125000036786936 -4.848077352067921 100 default
w 1232 624 1248 624 0
w 1232 688 1248 688 0
r 1280 624 1296 624 0 781
r 1296 624 1312 624 0 781
r 1312 624 1328 624 0 781
r 1328 624 1344 624 0 781
w 1248 608 1360 576 0
w 1264 640 1360 576 0
w 1248 672 1360 576 0
w 1264 704 1360 576 0
w 1248 576 1280 624 0
w 1264 608 1296 624 0
w 1248 640 1312 624 0
w 1264 672 1328 624 0
w 1360 448 1360 320 0
w 1280 496 1344 368 0
t 1232 464 1248 464 0 1 -2.4999999742744388 -4.848077336026261 100 default
t 1248 496 1264 496 0 1 -2.1874999817897924 -4.8480773383179265 100 default
t 1232 528 1248 528 0 1 -1.874999989013772 -4.848077340609592 100 default
t 1248 560 1264 560 0 1 -1.5624999954582532 -4.848077342901258 100 default
w 1232 496 1248 496 0
w 1232 560 1248 560 0
r 1280 496 1296 496 0 781
r 1296 496 1312 496 0 781
r 1312 496 1328 496 0 781
r 1328 496 1344 496 0 781
w 1248 480 1360 448 0
w 1264 512 1360 448 0
w 1248 544 1360 448 0
w 1264 576 1360 448 0
w 1248 448 1280 496 0
w 1264 480 1296 496 0
w 1248 512 1312 496 0
w 1264 544 1328 496 0
w 1280 368 1344 240 0
w 1360 320 1360 192 0
t 1232 336 1248 336 0 1 -3.7499999510617883 -4.848077326859599 100 default
t 1248 368 1264 368 0 1 -3.437499954861387 -4.848077329151264 100 default
t 1232 400 1248 400 0 1 -3.1249999603221115 -4.84807733144293 100 default
t 1248 432 1264 432 0 1 -2.8124999669558375 -4.8480773337345955 100 default
w 1232 368 1248 368 0
w 1232 432 1248 432 0
r 1280 368 1296 368 0 781
r 1296 368 1312 368 0 781
r 1312 368 1328 368 0 781
r 1328 368 1344 368 0 781
w 1248 352 1360 320 0
w 1264 384 1360 320 0
w 1248 416 1360 320 0
w 1264 448 1360 320 0
w 1248 320 1280 368 0
w 1264 352 1296 368 0
w 1248 384 1312 368 0
w 1264 416 1328 368 0
w 1264 288 1328 240 0
w 1248 256 1312 240 0
w 1264 224 1296 240 0
w 1248 192 1280 240 0
w 1264 320 1360 192 0
w 1248 288 1360 192 0
w 1264 256 1360 192 0
w 1248 224 1360 192 0
g 1280 128 1280 112 0 0
w 1280 144 1280 176 0
v 1280 128 1280 144 0 0 40 5 0 0 0.5
x 1246 173 1263 176 4 12 Vin
r 1216 592 1232 592 0 7333.33
r 1216 624 1232 624 0 7333.33
r 1216 656 1232 656 0 7333.33
r 1216 688 1232 688 0 7333.33
r 1216 464 1232 464 0 7333.33
r 1216 496 1232 496 0 7333.33
r 1216 528 1232 528 0 7333.33
r 1216 560 1232 560 0 7333.33
r 1216 336 1232 336 0 7333.33
r 1216 368 1232 368 0 7333.33
r 1216 400 1232 400 0 7333.33
r 1216 432 1232 432 0 7333.33
w 1360 192 1360 176 0
368 1360 192 1392 192 0 0
w 1280 192 1280 176 0
w 1280 240 1280 192 0
r 1328 240 1344 240 0 781
r 1312 240 1328 240 0 781
r 1296 240 1312 240 0 781
r 1280 240 1296 240 0 781
w 1232 304 1248 304 0
w 1232 240 1248 240 0
t 1248 304 1264 304 0 1 -4.06249994941144 -4.848077324567933 100 default
t 1232 272 1248 272 0 1 -4.37499995039847 -4.848077322276268 100 default
t 1248 240 1264 240 0 1 -4.687499954511001 -4.8480773199846015 100 default
t 1232 208 1248 208 0 1 -2.611200144997383e-9 0.15192264193302218 100 default
r 1216 304 1232 304 0 7333.33
r 1216 272 1232 272 0 7333.33
r 1216 240 1232 240 0 7333.33
r 1216 208 1232 208 0 7333.33
w 912 320 1008 208 0
w 912 320 912 256 0
w 816 240 864 240 0
w 848 208 864 208 0
w 848 240 848 208 0
w 1040 352 1024 352 0
w 1008 304 1024 352 0
w 1104 208 1120 304 0
w 1104 240 1120 272 0
w 1104 304 1120 208 0
w 1104 272 1120 240 0
x 836 353 972 356 4 24 Global\sClock
164 1008 208 1072 208 12 4 5 0 0 0 false 0
150 864 224 912 224 0 2 0 5
208 1120 208 1152 208 0 default 5 0 0 0 0 0 0 0 0 0 0 0 0 0 0 0
x 698 259 746 262 4 12 Clamped
x 721 228 745 231 4 12 Free
R 784 192 752 192 0 0 40 0 0 0 0.5
155 912 224 976 224 0 0
R 864 272 896 272 0 0 40 5 0 0 0.5
r 816 272 816 240 0 100000
r 848 272 848 240 0 100000
w 864 272 848 272 0
w 848 272 816 272 0
w 816 240 816 224 0
a 752 240 816 240 8 5 0 1000000 0 0 100000
a 784 208 848 208 8 5 0 1000000 0 0 100000
x 795 155 874 158 4 14 Clamped\s>\s0
x 722 308 822 311 4 14 Clamped\s>\sFree
x 937 170 1130 173 4 24 Up/down\sCounter\s
x 1321 174 1345 177 4 12 Vout
x 1353 894 1377 897 4 12 Vout
x 969 890 1162 893 4 24 Up/down\sCounter\s
x 754 1028 854 1031 4 14 Clamped\s>\sFree
x 827 875 906 878 4 14 Clamped\s>\s0
a 816 928 880 928 8 5 0 1000000 0 0 100000
a 784 960 848 960 8 5 0 1000000 0 0 100000
w 848 960 848 944 0
w 880 992 848 992 0
w 896 992 880 992 0
r 880 992 880 960 0 100000
r 848 992 848 960 0 100000
R 896 992 928 992 0 0 40 5 0 0 0.5
155 944 944 1008 944 0 0
R 816 912 784 912 0 0 40 0 0 0 0.5
x 753 948 777 951 4 12 Free
x 730 979 778 982 4 12 Clamped
208 1152 928 1184 928 0 default 5 0 0 0 0 0 0 0 0 0 0 0 0 0 0 0
150 896 944 944 944 0 2 0 5
164 1040 928 1104 928 12 4 5 0 0 0 false 0
x 868 1073 1004 1076 4 24 Global\sClock
w 1136 992 1152 960 0
w 1136 1024 1152 928 0
w 1136 960 1152 992 0
w 1136 928 1152 1024 0
w 1040 1024 1056 1072 0
w 1072 1072 1056 1072 0
w 880 960 880 928 0
w 880 928 896 928 0
w 848 960 896 960 0
w 944 1040 944 976 0
w 944 1040 1040 928 0
r 1248 928 1264 928 0 7333.33
r 1248 960 1264 960 0 7333.33
r 1248 992 1264 992 0 7333.33
r 1248 1024 1264 1024 0 7333.33
t 1264 928 1280 928 0 1 -2.611201033175803e-9 0.15192264193302218 100 default
t 1280 960 1296 960 0 1 -4.687499954511001 -4.848077319984601 100 default
t 1264 992 1280 992 0 1 -4.374999950398473 -4.848077322276267 100 default
t 1280 1024 1296 1024 0 1 -4.062499949411444 -4.8480773245679325 100 default
w 1264 960 1280 960 0
w 1264 1024 1280 1024 0
r 1312 960 1328 960 0 781
r 1328 960 1344 960 0 781
r 1344 960 1360 960 0 781
r 1360 960 1376 960 0 781
w 1312 960 1312 912 0
w 1312 912 1312 896 0
368 1392 912 1424 912 0 0
w 1392 912 1392 896 0
r 1248 1152 1264 1152 0 7333.33
r 1248 1120 1264 1120 0 7333.33
r 1248 1088 1264 1088 0 7333.33
r 1248 1056 1264 1056 0 7333.33
r 1248 1280 1264 1280 0 7333.33
r 1248 1248 1264 1248 0 7333.33
r 1248 1216 1264 1216 0 7333.33
r 1248 1184 1264 1184 0 7333.33
r 1248 1408 1264 1408 0 7333.33
r 1248 1376 1264 1376 0 7333.33
r 1248 1344 1264 1344 0 7333.33
r 1248 1312 1264 1312 0 7333.33
x 1278 893 1295 896 4 12 Vin
v 1312 848 1312 864 0 0 40 5 0 0 0.5
w 1312 864 1312 896 0
g 1312 848 1312 832 0 0
w 1280 944 1392 912 0
w 1296 976 1392 912 0
w 1280 1008 1392 912 0
w 1296 1040 1392 912 0
w 1280 912 1312 960 0
w 1296 944 1328 960 0
w 1280 976 1344 960 0
w 1296 1008 1360 960 0
w 1296 1136 1360 1088 0
w 1280 1104 1344 1088 0
w 1296 1072 1328 1088 0
w 1280 1040 1312 1088 0
w 1296 1168 1392 1040 0
w 1280 1136 1392 1040 0
w 1296 1104 1392 1040 0
w 1280 1072 1392 1040 0
r 1360 1088 1376 1088 0 781
r 1344 1088 1360 1088 0 781
r 1328 1088 1344 1088 0 781
r 1312 1088 1328 1088 0 781
w 1264 1152 1280 1152 0
w 1264 1088 1280 1088 0
t 1280 1152 1296 1152 0 1 -2.812499966955841 -4.848077333734595 100 default
t 1264 1120 1280 1120 0 1 -3.124999960322116 -4.848077331442929 100 default
t 1280 1088 1296 1088 0 1 -3.437499954861392 -4.8480773291512635 100 default
t 1264 1056 1280 1056 0 1 -3.7499999510617927 -4.848077326859598 100 default
w 1392 1040 1392 912 0
w 1312 1088 1376 960 0
w 1296 1264 1360 1216 0
w 1280 1232 1344 1216 0
w 1296 1200 1328 1216 0
w 1280 1168 1312 1216 0
w 1296 1296 1392 1168 0
w 1280 1264 1392 1168 0
w 1296 1232 1392 1168 0
w 1280 1200 1392 1168 0
r 1360 1216 1376 1216 0 781
r 1344 1216 1360 1216 0 781
r 1328 1216 1344 1216 0 781
r 1312 1216 1328 1216 0 781
w 1264 1280 1280 1280 0
w 1264 1216 1280 1216 0
t 1280 1280 1296 1280 0 1 -1.5624999954582557 -4.848077342901257 100 default
t 1264 1248 1280 1248 0 1 -1.8749999890137747 -4.848077340609591 100 default
t 1280 1216 1296 1216 0 1 -2.1874999817897955 -4.848077338317926 100 default
t 1264 1184 1280 1184 0 1 -2.4999999742744428 -4.84807733602626 100 default
w 1312 1216 1376 1088 0
w 1392 1168 1392 1040 0
w 1296 1392 1360 1344 0
w 1280 1360 1344 1344 0
w 1296 1328 1328 1344 0
w 1280 1296 1312 1344 0
w 1296 1424 1392 1296 0
w 1280 1392 1392 1296 0
w 1296 1360 1392 1296 0
w 1280 1328 1392 1296 0
r 1360 1344 1376 1344 0 781
r 1344 1344 1360 1344 0 781
r 1328 1344 1344 1344 0 781
r 1312 1344 1328 1344 0 781
w 1264 1408 1280 1408 0
w 1264 1344 1280 1344 0
t 1280 1408 1296 1408 0 1 -0.3125000036786942 -4.84807735206792 100 default
t 1264 1376 1280 1376 0 1 -0.6250000052334569 -4.848077349776253 100 default
t 1280 1344 1296 1344 0 1 -0.9375000040562214 -4.848077347484588 100 default
t 1264 1312 1280 1312 0 1 -1.2500000006351124 -4.848077345192922 100 default
w 1312 1344 1376 1216 0
w 1392 1296 1392 1168 0
g 1376 1344 1376 1360 0 0
g 592 1344 592 1360 0 0
w 608 1296 608 1168 0
w 528 1344 592 1216 0
t 480 1312 496 1312 0 1 -1.2500000006351106 -4.848077345192923 100 default
t 496 1344 512 1344 0 1 -0.9375000040562202 -4.848077347484589 100 default
t 480 1376 496 1376 0 1 -0.6250000052334561 -4.848077349776254 100 default
t 496 1408 512 1408 0 1 -0.3125000036786936 -4.848077352067921 100 default
w 480 1344 496 1344 0
w 480 1408 496 1408 0
r 528 1344 544 1344 0 781
r 544 1344 560 1344 0 781
r 560 1344 576 1344 0 781
r 576 1344 592 1344 0 781
w 496 1328 608 1296 0
w 512 1360 608 1296 0
w 496 1392 608 1296 0
w 512 1424 608 1296 0
w 496 1296 528 1344 0
w 512 1328 544 1344 0
w 496 1360 560 1344 0
w 512 1392 576 1344 0
w 608 1168 608 1040 0
w 528 1216 592 1088 0
t 480 1184 496 1184 0 1 -2.4999999742744388 -4.848077336026261 100 default
t 496 1216 512 1216 0 1 -2.1874999817897924 -4.8480773383179265 100 default
t 480 1248 496 1248 0 1 -1.874999989013772 -4.848077340609592 100 default
t 496 1280 512 1280 0 1 -1.5624999954582532 -4.848077342901258 100 default
w 480 1216 496 1216 0
w 480 1280 496 1280 0
r 528 1216 544 1216 0 781
r 544 1216 560 1216 0 781
r 560 1216 576 1216 0 781
r 576 1216 592 1216 0 781
w 496 1200 608 1168 0
w 512 1232 608 1168 0
w 496 1264 608 1168 0
w 512 1296 608 1168 0
w 496 1168 528 1216 0
w 512 1200 544 1216 0
w 496 1232 560 1216 0
w 512 1264 576 1216 0
w 528 1088 592 960 0
w 608 1040 608 912 0
t 480 1056 496 1056 0 1 -3.7499999510617883 -4.848077326859599 100 default
t 496 1088 512 1088 0 1 -3.437499954861387 -4.848077329151264 100 default
t 480 1120 496 1120 0 1 -3.1249999603221115 -4.84807733144293 100 default
t 496 1152 512 1152 0 1 -2.8124999669558375 -4.8480773337345955 100 default
w 480 1088 496 1088 0
w 480 1152 496 1152 0
r 528 1088 544 1088 0 781
r 544 1088 560 1088 0 781
r 560 1088 576 1088 0 781
r 576 1088 592 1088 0 781
w 496 1072 608 1040 0
w 512 1104 608 1040 0
w 496 1136 608 1040 0
w 512 1168 608 1040 0
w 496 1040 528 1088 0
w 512 1072 544 1088 0
w 496 1104 560 1088 0
w 512 1136 576 1088 0
w 512 1008 576 960 0
w 496 976 560 960 0
w 512 944 544 960 0
w 496 912 528 960 0
w 512 1040 608 912 0
w 496 1008 608 912 0
w 512 976 608 912 0
w 496 944 608 912 0
g 528 848 528 832 0 0
w 528 864 528 896 0
v 528 848 528 864 0 0 40 5 0 0 0.5
x 494 893 511 896 4 12 Vin
r 464 1312 480 1312 0 7333.33
r 464 1344 480 1344 0 7333.33
r 464 1376 480 1376 0 7333.33
r 464 1408 480 1408 0 7333.33
r 464 1184 480 1184 0 7333.33
r 464 1216 480 1216 0 7333.33
r 464 1248 480 1248 0 7333.33
r 464 1280 480 1280 0 7333.33
r 464 1056 480 1056 0 7333.33
r 464 1088 480 1088 0 7333.33
r 464 1120 480 1120 0 7333.33
r 464 1152 480 1152 0 7333.33
w 608 912 608 896 0
368 608 912 640 912 0 0
w 528 912 528 896 0
w 528 960 528 912 0
r 576 960 592 960 0 781
r 560 960 576 960 0 781
r 544 960 560 960 0 781
r 528 960 544 960 0 781
w 480 1024 496 1024 0
w 480 960 496 960 0
t 496 1024 512 1024 0 1 -4.06249994941144 -4.848077324567933 100 default
t 480 992 496 992 0 1 -4.37499995039847 -4.848077322276268 100 default
t 496 960 512 960 0 1 -4.687499954511001 -4.8480773199846015 100 default
t 480 928 496 928 0 1 -2.611200144997383e-9 0.15192264193302218 100 default
r 464 1024 480 1024 0 7333.33
r 464 992 480 992 0 7333.33
r 464 960 480 960 0 7333.33
r 464 928 480 928 0 7333.33
w 160 1040 256 928 0
w 160 1040 160 976 0
w 64 960 112 960 0
w 96 928 112 928 0
w 96 960 96 928 0
w 288 1072 272 1072 0
w 256 1024 272 1072 0
w 352 928 368 1024 0
w 352 960 368 992 0
w 352 1024 368 928 0
w 352 992 368 960 0
x 84 1073 220 1076 4 24 Global\sClock
164 256 928 320 928 12 4 5 0 0 0 false 0
150 112 944 160 944 0 2 0 5
208 368 928 400 928 0 default 5 0 0 0 0 0 0 0 0 0 0 0 0 0 0 0
x -54 979 -6 982 4 12 Clamped
x -31 948 -7 951 4 12 Free
R 32 912 0 912 0 0 40 0 0 0 0.5
155 160 944 224 944 0 0
R 112 992 144 992 0 0 40 5 0 0 0.5
r 64 992 64 960 0 100000
r 96 992 96 960 0 100000
w 112 992 96 992 0
w 96 992 64 992 0
w 64 960 64 944 0
a 0 960 64 960 8 5 0 1000000 0 0 100000
a 32 928 96 928 8 5 0 1000000 0 0 100000
x 43 875 122 878 4 14 Clamped\s>\s0
x -30 1028 70 1031 4 14 Clamped\s>\sFree
x 185 890 378 893 4 24 Up/down\sCounter\s
x 569 894 593 897 4 12 Vout
x 2201 878 2225 881 4 12 Vout
x 1817 874 2010 877 4 24 Up/down\sCounter\s
x 1602 1012 1702 1015 4 14 Clamped\s>\sFree
x 1675 859 1754 862 4 14 Clamped\s>\s0
a 1664 912 1728 912 8 5 0 1000000 0 0 100000
a 1632 944 1696 944 8 5 0 1000000 0 0 100000
w 1728 976 1696 976 0
w 1744 976 1728 976 0
r 1728 976 1728 944 0 100000
r 1696 976 1696 944 0 100000
R 1744 976 1776 976 0 0 40 5 0 0 0.5
155 1792 928 1856 928 0 0
R 1664 896 1632 896 0 0 40 0 0 0 0.5
x 1601 932 1625 935 4 12 Free
x 1578 963 1626 966 4 12 Clamped
208 2000 912 2032 912 0 default 5 0 0 0 0 0 0 0 0 0 0 0 0 0 0 0
150 1744 928 1792 928 0 2 0 5
164 1888 912 1952 912 12 4 5 0 0 0 false 0
x 1716 1057 1852 1060 4 24 Global\sClock
w 1984 976 2000 944 0
w 1984 1008 2000 912 0
w 1984 944 2000 976 0
w 1984 912 2000 1008 0
w 1888 1008 1904 1056 0
w 1920 1056 1904 1056 0
w 1728 944 1728 912 0
w 1728 912 1744 912 0
w 1696 944 1744 944 0
w 1792 1024 1792 960 0
w 1792 1024 1888 912 0
r 2096 912 2112 912 0 7333.33
r 2096 944 2112 944 0 7333.33
r 2096 976 2112 976 0 7333.33
r 2096 1008 2112 1008 0 7333.33
t 2112 912 2128 912 0 1 -2.611201033175803e-9 0.15192264193302218 100 default
t 2128 944 2144 944 0 1 -4.687499954511001 -4.848077319984601 100 default
t 2112 976 2128 976 0 1 -4.374999950398473 -4.848077322276267 100 default
t 2128 1008 2144 1008 0 1 -4.062499949411444 -4.8480773245679325 100 default
w 2112 944 2128 944 0
w 2112 1008 2128 1008 0
r 2160 944 2176 944 0 781
r 2176 944 2192 944 0 781
r 2192 944 2208 944 0 781
r 2208 944 2224 944 0 781
w 2160 944 2160 896 0
w 2160 896 2160 880 0
368 2240 896 2272 896 0 0
w 2240 896 2240 880 0
r 2096 1136 2112 1136 0 7333.33
r 2096 1104 2112 1104 0 7333.33
r 2096 1072 2112 1072 0 7333.33
r 2096 1040 2112 1040 0 7333.33
r 2096 1264 2112 1264 0 7333.33
r 2096 1232 2112 1232 0 7333.33
r 2096 1200 2112 1200 0 7333.33
r 2096 1168 2112 1168 0 7333.33
r 2096 1392 2112 1392 0 7333.33
r 2096 1360 2112 1360 0 7333.33
r 2096 1328 2112 1328 0 7333.33
r 2096 1296 2112 1296 0 7333.33
x 2126 877 2143 880 4 12 Vin
v 2160 832 2160 848 0 0 40 5 0 0 0.5
w 2160 848 2160 880 0
g 2160 832 2160 816 0 0
w 2128 928 2240 896 0
w 2144 960 2240 896 0
w 2128 992 2240 896 0
w 2144 1024 2240 896 0
w 2128 896 2160 944 0
w 2144 928 2176 944 0
w 2128 960 2192 944 0
w 2144 992 2208 944 0
w 2144 1120 2208 1072 0
w 2128 1088 2192 1072 0
w 2144 1056 2176 1072 0
w 2128 1024 2160 1072 0
w 2144 1152 2240 1024 0
w 2128 1120 2240 1024 0
w 2144 1088 2240 1024 0
w 2128 1056 2240 1024 0
r 2208 1072 2224 1072 0 781
r 2192 1072 2208 1072 0 781
r 2176 1072 2192 1072 0 781
r 2160 1072 2176 1072 0 781
w 2112 1136 2128 1136 0
w 2112 1072 2128 1072 0
t 2128 1136 2144 1136 0 1 -2.812499966955841 -4.848077333734595 100 default
t 2112 1104 2128 1104 0 1 -3.124999960322116 -4.848077331442929 100 default
t 2128 1072 2144 1072 0 1 -3.437499954861392 -4.8480773291512635 100 default
t 2112 1040 2128 1040 0 1 -3.7499999510617927 -4.848077326859598 100 default
w 2240 1024 2240 896 0
w 2160 1072 2224 944 0
w 2144 1248 2208 1200 0
w 2128 1216 2192 1200 0
w 2144 1184 2176 1200 0
w 2128 1152 2160 1200 0
w 2144 1280 2240 1152 0
w 2128 1248 2240 1152 0
w 2144 1216 2240 1152 0
w 2128 1184 2240 1152 0
r 2208 1200 2224 1200 0 781
r 2192 1200 2208 1200 0 781
r 2176 1200 2192 1200 0 781
r 2160 1200 2176 1200 0 781
w 2112 1264 2128 1264 0
w 2112 1200 2128 1200 0
t 2128 1264 2144 1264 0 1 -1.5624999954582557 -4.848077342901257 100 default
t 2112 1232 2128 1232 0 1 -1.8749999890137747 -4.848077340609591 100 default
t 2128 1200 2144 1200 0 1 -2.1874999817897955 -4.848077338317926 100 default
t 2112 1168 2128 1168 0 1 -2.4999999742744428 -4.84807733602626 100 default
w 2160 1200 2224 1072 0
w 2240 1152 2240 1024 0
w 2144 1376 2208 1328 0
w 2128 1344 2192 1328 0
w 2144 1312 2176 1328 0
w 2128 1280 2160 1328 0
w 2144 1408 2240 1280 0
w 2128 1376 2240 1280 0
w 2144 1344 2240 1280 0
w 2128 1312 2240 1280 0
r 2208 1328 2224 1328 0 781
r 2192 1328 2208 1328 0 781
r 2176 1328 2192 1328 0 781
r 2160 1328 2176 1328 0 781
w 2112 1392 2128 1392 0
w 2112 1328 2128 1328 0
t 2128 1392 2144 1392 0 1 -0.3125000036786942 -4.84807735206792 100 default
t 2112 1360 2128 1360 0 1 -0.6250000052334569 -4.848077349776253 100 default
t 2128 1328 2144 1328 0 1 -0.9375000040562214 -4.848077347484588 100 default
t 2112 1296 2128 1296 0 1 -1.2500000006351124 -4.848077345192922 100 default
w 2160 1328 2224 1200 0
w 2240 1280 2240 1152 0
g 2224 1328 2224 1344 0 0
g 3008 1328 3008 1344 0 0
w 3024 1280 3024 1152 0
w 2944 1328 3008 1200 0
t 2896 1296 2912 1296 0 1 -1.2500000006351106 -4.848077345192923 100 default
t 2912 1328 2928 1328 0 1 -0.9375000040562202 -4.848077347484589 100 default
t 2896 1360 2912 1360 0 1 -0.6250000052334561 -4.848077349776254 100 default
t 2912 1392 2928 1392 0 1 -0.3125000036786936 -4.848077352067921 100 default
w 2896 1328 2912 1328 0
w 2896 1392 2912 1392 0
r 2944 1328 2960 1328 0 781
r 2960 1328 2976 1328 0 781
r 2976 1328 2992 1328 0 781
r 2992 1328 3008 1328 0 781
w 2912 1312 3024 1280 0
w 2928 1344 3024 1280 0
w 2912 1376 3024 1280 0
w 2928 1408 3024 1280 0
w 2912 1280 2944 1328 0
w 2928 1312 2960 1328 0
w 2912 1344 2976 1328 0
w 2928 1376 2992 1328 0
w 3024 1152 3024 1024 0
w 2944 1200 3008 1072 0
t 2896 1168 2912 1168 0 1 -2.4999999742744388 -4.848077336026261 100 default
t 2912 1200 2928 1200 0 1 -2.1874999817897924 -4.8480773383179265 100 default
t 2896 1232 2912 1232 0 1 -1.874999989013772 -4.848077340609592 100 default
t 2912 1264 2928 1264 0 1 -1.5624999954582532 -4.848077342901258 100 default
w 2896 1200 2912 1200 0
w 2896 1264 2912 1264 0
r 2944 1200 2960 1200 0 781
r 2960 1200 2976 1200 0 781
r 2976 1200 2992 1200 0 781
r 2992 1200 3008 1200 0 781
w 2912 1184 3024 1152 0
w 2928 1216 3024 1152 0
w 2912 1248 3024 1152 0
w 2928 1280 3024 1152 0
w 2912 1152 2944 1200 0
w 2928 1184 2960 1200 0
w 2912 1216 2976 1200 0
w 2928 1248 2992 1200 0
w 2944 1072 3008 944 0
w 3024 1024 3024 896 0
t 2896 1040 2912 1040 0 1 -3.7499999510617883 -4.848077326859599 100 default
t 2912 1072 2928 1072 0 1 -3.437499954861387 -4.848077329151264 100 default
t 2896 1104 2912 1104 0 1 -3.1249999603221115 -4.84807733144293 100 default
t 2912 1136 2928 1136 0 1 -2.8124999669558375 -4.8480773337345955 100 default
w 2896 1072 2912 1072 0
w 2896 1136 2912 1136 0
r 2944 1072 2960 1072 0 781
r 2960 1072 2976 1072 0 781
r 2976 1072 2992 1072 0 781
r 2992 1072 3008 1072 0 781
w 2912 1056 3024 1024 0
w 2928 1088 3024 1024 0
w 2912 1120 3024 1024 0
w 2928 1152 3024 1024 0
w 2912 1024 2944 1072 0
w 2928 1056 2960 1072 0
w 2912 1088 2976 1072 0
w 2928 1120 2992 1072 0
w 2928 992 2992 944 0
w 2912 960 2976 944 0
w 2928 928 2960 944 0
w 2912 896 2944 944 0
w 2928 1024 3024 896 0
w 2912 992 3024 896 0
w 2928 960 3024 896 0
w 2912 928 3024 896 0
g 2944 832 2944 816 0 0
w 2944 848 2944 880 0
v 2944 832 2944 848 0 0 40 5 0 0 0.5
x 2910 877 2927 880 4 12 Vin
r 2880 1296 2896 1296 0 7333.33
r 2880 1328 2896 1328 0 7333.33
r 2880 1360 2896 1360 0 7333.33
r 2880 1392 2896 1392 0 7333.33
r 2880 1168 2896 1168 0 7333.33
r 2880 1200 2896 1200 0 7333.33
r 2880 1232 2896 1232 0 7333.33
r 2880 1264 2896 1264 0 7333.33
r 2880 1040 2896 1040 0 7333.33
r 2880 1072 2896 1072 0 7333.33
r 2880 1104 2896 1104 0 7333.33
r 2880 1136 2896 1136 0 7333.33
w 3024 896 3024 880 0
368 3024 896 3056 896 0 0
w 2944 896 2944 880 0
w 2944 944 2944 896 0
r 2992 944 3008 944 0 781
r 2976 944 2992 944 0 781
r 2960 944 2976 944 0 781
r 2944 944 2960 944 0 781
w 2896 1008 2912 1008 0
w 2896 944 2912 944 0
t 2912 1008 2928 1008 0 1 -4.06249994941144 -4.848077324567933 100 default
t 2896 976 2912 976 0 1 -4.37499995039847 -4.848077322276268 100 default
t 2912 944 2928 944 0 1 -4.687499954511001 -4.8480773199846015 100 default
t 2896 912 2912 912 0 1 -2.611200144997383e-9 0.15192264193302218 100 default
r 2880 1008 2896 1008 0 7333.33
r 2880 976 2896 976 0 7333.33
r 2880 944 2896 944 0 7333.33
r 2880 912 2896 912 0 7333.33
w 2576 1024 2672 912 0
w 2576 1024 2576 960 0
w 2480 944 2528 944 0
w 2512 912 2528 912 0
w 2512 944 2512 912 0
w 2704 1056 2688 1056 0
w 2672 1008 2688 1056 0
w 2768 912 2784 1008 0
w 2768 944 2784 976 0
w 2768 1008 2784 912 0
w 2768 976 2784 944 0
x 2500 1057 2636 1060 4 24 Global\sClock
164 2672 912 2736 912 12 4 5 0 0 0 false 0
150 2528 928 2576 928 0 2 0 5
208 2784 912 2816 912 0 default 5 0 0 0 0 0 0 0 0 0 0 0 0 0 0 0
x 2362 963 2410 966 4 12 Clamped
x 2385 932 2409 935 4 12 Free
R 2448 896 2416 896 0 0 40 0 0 0 0.5
155 2576 928 2640 928 0 0
R 2528 976 2560 976 0 0 40 5 0 0 0.5
r 2480 976 2480 944 0 100000
r 2512 976 2512 944 0 100000
w 2528 976 2512 976 0
w 2512 976 2480 976 0
w 2480 944 2480 928 0
a 2416 944 2480 944 8 5 0 1000000 0 0 100000
a 2448 912 2512 912 8 5 0 1000000 0 0 100000
x 2459 859 2538 862 4 14 Clamped\s>\s0
x 2386 1012 2486 1015 4 14 Clamped\s>\sFree
x 2601 874 2794 877 4 24 Up/down\sCounter\s
x 2985 878 3009 881 4 12 Vout
x 2953 158 2977 161 4 12 Vout
x 2569 154 2762 157 4 24 Up/down\sCounter\s
x 2354 292 2454 295 4 14 Clamped\s>\sFree
x 2427 139 2506 142 4 14 Clamped\s>\s0
a 2416 192 2480 192 8 5 0 1000000 0 0 100000
a 2384 224 2448 224 8 5 0 1000000 0 0 100000
w 2448 224 2448 208 0
w 2480 256 2448 256 0
w 2496 256 2480 256 0
r 2480 256 2480 224 0 100000
r 2448 256 2448 224 0 100000
R 2496 256 2528 256 0 0 40 5 0 0 0.5
155 2544 208 2608 208 0 0
R 2416 176 2384 176 0 0 40 0 0 0 0.5
x 2353 212 2377 215 4 12 Free
x 2330 243 2378 246 4 12 Clamped
208 2752 192 2784 192 0 default 5 0 0 0 0 0 0 0 0 0 0 0 0 0 0 0
150 2496 208 2544 208 0 2 0 5
164 2640 192 2704 192 12 4 5 0 0 0 false 0
x 2468 337 2604 340 4 24 Global\sClock
w 2736 256 2752 224 0
w 2736 288 2752 192 0
w 2736 224 2752 256 0
w 2736 192 2752 288 0
w 2640 288 2656 336 0
w 2672 336 2656 336 0
w 2480 224 2480 192 0
w 2480 192 2496 192 0
w 2448 224 2496 224 0
w 2544 304 2544 240 0
w 2544 304 2640 192 0
r 2848 192 2864 192 0 7333.33
r 2848 224 2864 224 0 7333.33
r 2848 256 2864 256 0 7333.33
r 2848 288 2864 288 0 7333.33
t 2864 192 2880 192 0 1 -2.611201033175803e-9 0.15192264193302218 100 default
t 2880 224 2896 224 0 1 -4.687499954511001 -4.848077319984601 100 default
t 2864 256 2880 256 0 1 -4.374999950398473 -4.848077322276267 100 default
t 2880 288 2896 288 0 1 -4.062499949411444 -4.8480773245679325 100 default
w 2864 224 2880 224 0
w 2864 288 2880 288 0
r 2912 224 2928 224 0 781
r 2928 224 2944 224 0 781
r 2944 224 2960 224 0 781
r 2960 224 2976 224 0 781
w 2912 224 2912 176 0
w 2912 176 2912 160 0
368 2992 176 3024 176 0 0
w 2992 176 2992 160 0
r 2848 416 2864 416 0 7333.33
r 2848 384 2864 384 0 7333.33
r 2848 352 2864 352 0 7333.33
r 2848 320 2864 320 0 7333.33
r 2848 544 2864 544 0 7333.33
r 2848 512 2864 512 0 7333.33
r 2848 480 2864 480 0 7333.33
r 2848 448 2864 448 0 7333.33
r 2848 672 2864 672 0 7333.33
r 2848 640 2864 640 0 7333.33
r 2848 608 2864 608 0 7333.33
r 2848 576 2864 576 0 7333.33
x 2878 157 2895 160 4 12 Vin
v 2912 112 2912 128 0 0 40 5 0 0 0.5
w 2912 128 2912 160 0
g 2912 112 2912 96 0 0
w 2880 208 2992 176 0
w 2896 240 2992 176 0
w 2880 272 2992 176 0
w 2896 304 2992 176 0
w 2880 176 2912 224 0
w 2896 208 2928 224 0
w 2880 240 2944 224 0
w 2896 272 2960 224 0
w 2896 400 2960 352 0
w 2880 368 2944 352 0
w 2896 336 2928 352 0
w 2880 304 2912 352 0
w 2896 432 2992 304 0
w 2880 400 2992 304 0
w 2896 368 2992 304 0
w 2880 336 2992 304 0
r 2960 352 2976 352 0 781
r 2944 352 2960 352 0 781
r 2928 352 2944 352 0 781
r 2912 352 2928 352 0 781
w 2864 416 2880 416 0
w 2864 352 2880 352 0
t 2880 416 2896 416 0 1 -2.812499966955841 -4.848077333734595 100 default
t 2864 384 2880 384 0 1 -3.124999960322116 -4.848077331442929 100 default
t 2880 352 2896 352 0 1 -3.437499954861392 -4.8480773291512635 100 default
t 2864 320 2880 320 0 1 -3.7499999510617927 -4.848077326859598 100 default
w 2992 304 2992 176 0
w 2912 352 2976 224 0
w 2896 528 2960 480 0
w 2880 496 2944 480 0
w 2896 464 2928 480 0
w 2880 432 2912 480 0
w 2896 560 2992 432 0
w 2880 528 2992 432 0
w 2896 496 2992 432 0
w 2880 464 2992 432 0
r 2960 480 2976 480 0 781
r 2944 480 2960 480 0 781
r 2928 480 2944 480 0 781
r 2912 480 2928 480 0 781
w 2864 544 2880 544 0
w 2864 480 2880 480 0
t 2880 544 2896 544 0 1 -1.5624999954582557 -4.848077342901257 100 default
t 2864 512 2880 512 0 1 -1.8749999890137747 -4.848077340609591 100 default
t 2880 480 2896 480 0 1 -2.1874999817897955 -4.848077338317926 100 default
t 2864 448 2880 448 0 1 -2.4999999742744428 -4.84807733602626 100 default
w 2912 480 2976 352 0
w 2992 432 2992 304 0
w 2896 656 2960 608 0
w 2880 624 2944 608 0
w 2896 592 2928 608 0
w 2880 560 2912 608 0
w 2896 688 2992 560 0
w 2880 656 2992 560 0
w 2896 624 2992 560 0
w 2880 592 2992 560 0
r 2960 608 2976 608 0 781
r 2944 608 2960 608 0 781
r 2928 608 2944 608 0 781
r 2912 608 2928 608 0 781
w 2864 672 2880 672 0
w 2864 608 2880 608 0
t 2880 672 2896 672 0 1 -0.3125000036786942 -4.84807735206792 100 default
t 2864 640 2880 640 0 1 -0.6250000052334569 -4.848077349776253 100 default
t 2880 608 2896 608 0 1 -0.9375000040562214 -4.848077347484588 100 default
t 2864 576 2880 576 0 1 -1.2500000006351124 -4.848077345192922 100 default
w 2912 608 2976 480 0
w 2992 560 2992 432 0
g 2976 608 2976 624 0 0
g 2192 608 2192 624 0 0
w 2208 560 2208 432 0
w 2128 608 2192 480 0
t 2080 576 2096 576 0 1 -1.2500000006351106 -4.848077345192923 100 default
t 2096 608 2112 608 0 1 -0.9375000040562202 -4.848077347484589 100 default
t 2080 640 2096 640 0 1 -0.6250000052334561 -4.848077349776254 100 default
t 2096 672 2112 672 0 1 -0.3125000036786936 -4.848077352067921 100 default
w 2080 608 2096 608 0
w 2080 672 2096 672 0
r 2128 608 2144 608 0 781
r 2144 608 2160 608 0 781
r 2160 608 2176 608 0 781
r 2176 608 2192 608 0 781
w 2096 592 2208 560 0
w 2112 624 2208 560 0
w 2096 656 2208 560 0
w 2112 688 2208 560 0
w 2096 560 2128 608 0
w 2112 592 2144 608 0
w 2096 624 2160 608 0
w 2112 656 2176 608 0
w 2208 432 2208 304 0
w 2128 480 2192 352 0
t 2080 448 2096 448 0 1 -2.4999999742744388 -4.848077336026261 100 default
t 2096 480 2112 480 0 1 -2.1874999817897924 -4.8480773383179265 100 default
t 2080 512 2096 512 0 1 -1.874999989013772 -4.848077340609592 100 default
t 2096 544 2112 544 0 1 -1.5624999954582532 -4.848077342901258 100 default
w 2080 480 2096 480 0
w 2080 544 2096 544 0
r 2128 480 2144 480 0 781
r 2144 480 2160 480 0 781
r 2160 480 2176 480 0 781
r 2176 480 2192 480 0 781
w 2096 464 2208 432 0
w 2112 496 2208 432 0
w 2096 528 2208 432 0
w 2112 560 2208 432 0
w 2096 432 2128 480 0
w 2112 464 2144 480 0
w 2096 496 2160 480 0
w 2112 528 2176 480 0
w 2128 352 2192 224 0
w 2208 304 2208 176 0
t 2080 320 2096 320 0 1 -3.7499999510617883 -4.848077326859599 100 default
t 2096 352 2112 352 0 1 -3.437499954861387 -4.848077329151264 100 default
t 2080 384 2096 384 0 1 -3.1249999603221115 -4.84807733144293 100 default
t 2096 416 2112 416 0 1 -2.8124999669558375 -4.8480773337345955 100 default
w 2080 352 2096 352 0
w 2080 416 2096 416 0
r 2128 352 2144 352 0 781
r 2144 352 2160 352 0 781
r 2160 352 2176 352 0 781
r 2176 352 2192 352 0 781
w 2096 336 2208 304 0
w 2112 368 2208 304 0
w 2096 400 2208 304 0
w 2112 432 2208 304 0
w 2096 304 2128 352 0
w 2112 336 2144 352 0
w 2096 368 2160 352 0
w 2112 400 2176 352 0
w 2112 272 2176 224 0
w 2096 240 2160 224 0
w 2112 208 2144 224 0
w 2096 176 2128 224 0
w 2112 304 2208 176 0
w 2096 272 2208 176 0
w 2112 240 2208 176 0
w 2096 208 2208 176 0
g 2128 112 2128 96 0 0
w 2128 128 2128 160 0
v 2128 112 2128 128 0 0 40 5 0 0 0.5
x 2094 157 2111 160 4 12 Vin
r 2064 576 2080 576 0 7333.33
r 2064 608 2080 608 0 7333.33
r 2064 640 2080 640 0 7333.33
r 2064 672 2080 672 0 7333.33
r 2064 448 2080 448 0 7333.33
r 2064 480 2080 480 0 7333.33
r 2064 512 2080 512 0 7333.33
r 2064 544 2080 544 0 7333.33
r 2064 320 2080 320 0 7333.33
r 2064 352 2080 352 0 7333.33
r 2064 384 2080 384 0 7333.33
r 2064 416 2080 416 0 7333.33
w 2208 176 2208 160 0
368 2208 176 2240 176 0 0
w 2128 176 2128 160 0
w 2128 224 2128 176 0
r 2176 224 2192 224 0 781
r 2160 224 2176 224 0 781
r 2144 224 2160 224 0 781
r 2128 224 2144 224 0 781
w 2080 288 2096 288 0
w 2080 224 2096 224 0
t 2096 288 2112 288 0 1 -4.06249994941144 -4.848077324567933 100 default
t 2080 256 2096 256 0 1 -4.37499995039847 -4.848077322276268 100 default
t 2096 224 2112 224 0 1 -4.687499954511001 -4.8480773199846015 100 default
t 2080 192 2096 192 0 1 -2.611200144997383e-9 0.15192264193302218 100 default
r 2064 288 2080 288 0 7333.33
r 2064 256 2080 256 0 7333.33
r 2064 224 2080 224 0 7333.33
r 2064 192 2080 192 0 7333.33
w 1760 304 1856 192 0
w 1760 304 1760 240 0
w 1664 224 1712 224 0
w 1696 192 1712 192 0
w 1696 224 1696 192 0
w 1856 288 1872 336 0
w 1952 192 1968 288 0
w 1952 224 1968 256 0
w 1952 288 1968 192 0
w 1952 256 1968 224 0
x 1684 337 1820 340 4 24 Global\sClock
164 1856 192 1920 192 12 4 5 0 0 0 false 0
150 1712 208 1760 208 0 2 0 5
208 1968 192 2000 192 0 default 5 0 0 0 0 0 0 0 0 0 0 0 0 0 0 0
x 1546 243 1594 246 4 12 Clamped
x 1569 212 1593 215 4 12 Free
R 1632 176 1600 176 0 0 40 0 0 0 0.5
155 1760 208 1824 208 0 0
R 1712 256 1744 256 0 0 40 5 0 0 0.5
r 1664 256 1664 224 0 100000
r 1696 256 1696 224 0 100000
w 1712 256 1696 256 0
w 1696 256 1664 256 0
w 1664 224 1664 208 0
a 1600 224 1664 224 8 5 0 1000000 0 0 100000
a 1632 192 1696 192 8 5 0 1000000 0 0 100000
x 1643 139 1722 142 4 14 Clamped\s>\s0
x 1570 292 1670 295 4 14 Clamped\s>\sFree
x 1785 154 1978 157 4 24 Up/down\sCounter\s
x 2169 158 2193 161 4 12 Vout
x 2233 1566 2257 1569 4 12 Vout
x 1849 1562 2042 1565 4 24 Up/down\sCounter\s
x 1634 1700 1734 1703 4 14 Clamped\s>\sFree
x 1707 1547 1786 1550 4 14 Clamped\s>\s0
a 1696 1600 1760 1600 8 5 0 1000000 0 0 100000
a 1664 1632 1728 1632 8 5 0 1000000 0 0 100000
w 1728 1632 1728 1616 0
w 1760 1664 1728 1664 0
w 1776 1664 1760 1664 0
r 1760 1664 1760 1632 0 100000
r 1728 1664 1728 1632 0 100000
R 1776 1664 1808 1664 0 0 40 5 0 0 0.5
155 1824 1616 1888 1616 0 0
R 1696 1584 1664 1584 0 0 40 0 0 0 0.5
x 1633 1620 1657 1623 4 12 Free
x 1610 1651 1658 1654 4 12 Clamped
208 2032 1600 2064 1600 0 default 5 0 0 0 0 0 0 0 0 0 0 0 0 0 0 0
150 1776 1616 1824 1616 0 2 0 5
164 1920 1600 1984 1600 12 4 5 0 0 0 false 0
x 1748 1745 1884 1748 4 24 Global\sClock
w 2016 1664 2032 1632 0
w 2016 1696 2032 1600 0
w 2016 1632 2032 1664 0
w 2016 1600 2032 1696 0
w 1920 1696 1936 1744 0
w 1952 1744 1936 1744 0
w 1760 1632 1760 1600 0
w 1760 1600 1776 1600 0
w 1728 1632 1776 1632 0
w 1824 1712 1824 1648 0
w 1824 1712 1920 1600 0
r 2128 1600 2144 1600 0 7333.33
r 2128 1632 2144 1632 0 7333.33
r 2128 1664 2144 1664 0 7333.33
r 2128 1696 2144 1696 0 7333.33
t 2144 1600 2160 1600 0 1 -2.611201033175803e-9 0.15192264193302218 100 default
t 2160 1632 2176 1632 0 1 -4.687499954511001 -4.848077319984601 100 default
t 2144 1664 2160 1664 0 1 -4.374999950398473 -4.848077322276267 100 default
t 2160 1696 2176 1696 0 1 -4.062499949411444 -4.8480773245679325 100 default
w 2144 1632 2160 1632 0
w 2144 1696 2160 1696 0
r 2192 1632 2208 1632 0 781
r 2208 1632 2224 1632 0 781
r 2224 1632 2240 1632 0 781
r 2240 1632 2256 1632 0 781
w 2192 1632 2192 1584 0
w 2192 1584 2192 1568 0
368 2272 1584 2304 1584 0 0
w 2272 1584 2272 1568 0
r 2128 1824 2144 1824 0 7333.33
r 2128 1792 2144 1792 0 7333.33
r 2128 1760 2144 1760 0 7333.33
r 2128 1728 2144 1728 0 7333.33
r 2128 1952 2144 1952 0 7333.33
r 2128 1920 2144 1920 0 7333.33
r 2128 1888 2144 1888 0 7333.33
r 2128 1856 2144 1856 0 7333.33
r 2128 2080 2144 2080 0 7333.33
r 2128 2048 2144 2048 0 7333.33
r 2128 2016 2144 2016 0 7333.33
r 2128 1984 2144 1984 0 7333.33
x 2158 1565 2175 1568 4 12 Vin
v 2192 1520 2192 1536 0 0 40 5 0 0 0.5
w 2192 1536 2192 1568 0
g 2192 1520 2192 1504 0 0
w 2160 1616 2272 1584 0
w 2176 1648 2272 1584 0
w 2160 1680 2272 1584 0
w 2176 1712 2272 1584 0
w 2160 1584 2192 1632 0
w 2176 1616 2208 1632 0
w 2160 1648 2224 1632 0
w 2176 1680 2240 1632 0
w 2176 1808 2240 1760 0
w 2160 1776 2224 1760 0
w 2176 1744 2208 1760 0
w 2160 1712 2192 1760 0
w 2176 1840 2272 1712 0
w 2160 1808 2272 1712 0
w 2176 1776 2272 1712 0
w 2160 1744 2272 1712 0
r 2240 1760 2256 1760 0 781
r 2224 1760 2240 1760 0 781
r 2208 1760 2224 1760 0 781
r 2192 1760 2208 1760 0 781
w 2144 1824 2160 1824 0
w 2144 1760 2160 1760 0
t 2160 1824 2176 1824 0 1 -2.812499966955841 -4.848077333734595 100 default
t 2144 1792 2160 1792 0 1 -3.124999960322116 -4.848077331442929 100 default
t 2160 1760 2176 1760 0 1 -3.437499954861392 -4.8480773291512635 100 default
t 2144 1728 2160 1728 0 1 -3.7499999510617927 -4.848077326859598 100 default
w 2272 1712 2272 1584 0
w 2192 1760 2256 1632 0
w 2176 1936 2240 1888 0
w 2160 1904 2224 1888 0
w 2176 1872 2208 1888 0
w 2160 1840 2192 1888 0
w 2176 1968 2272 1840 0
w 2160 1936 2272 1840 0
w 2176 1904 2272 1840 0
w 2160 1872 2272 1840 0
r 2240 1888 2256 1888 0 781
r 2224 1888 2240 1888 0 781
r 2208 1888 2224 1888 0 781
r 2192 1888 2208 1888 0 781
w 2144 1952 2160 1952 0
w 2144 1888 2160 1888 0
t 2160 1952 2176 1952 0 1 -1.5624999954582557 -4.848077342901257 100 default
t 2144 1920 2160 1920 0 1 -1.8749999890137747 -4.848077340609591 100 default
t 2160 1888 2176 1888 0 1 -2.1874999817897955 -4.848077338317926 100 default
t 2144 1856 2160 1856 0 1 -2.4999999742744428 -4.84807733602626 100 default
w 2192 1888 2256 1760 0
w 2272 1840 2272 1712 0
w 2176 2064 2240 2016 0
w 2160 2032 2224 2016 0
w 2176 2000 2208 2016 0
w 2160 1968 2192 2016 0
w 2176 2096 2272 1968 0
w 2160 2064 2272 1968 0
w 2176 2032 2272 1968 0
w 2160 2000 2272 1968 0
r 2240 2016 2256 2016 0 781
r 2224 2016 2240 2016 0 781
r 2208 2016 2224 2016 0 781
r 2192 2016 2208 2016 0 781
w 2144 2080 2160 2080 0
w 2144 2016 2160 2016 0
t 2160 2080 2176 2080 0 1 -0.3125000036786942 -4.84807735206792 100 default
t 2144 2048 2160 2048 0 1 -0.6250000052334569 -4.848077349776253 100 default
t 2160 2016 2176 2016 0 1 -0.9375000040562214 -4.848077347484588 100 default
t 2144 1984 2160 1984 0 1 -1.2500000006351124 -4.848077345192922 100 default
w 2192 2016 2256 1888 0
w 2272 1968 2272 1840 0
g 2256 2016 2256 2032 0 0
g 3040 2016 3040 2032 0 0
w 3056 1968 3056 1840 0
w 2976 2016 3040 1888 0
t 2928 1984 2944 1984 0 1 -1.2500000006351106 -4.848077345192923 100 default
t 2944 2016 2960 2016 0 1 -0.9375000040562202 -4.848077347484589 100 default
t 2928 2048 2944 2048 0 1 -0.6250000052334561 -4.848077349776254 100 default
t 2944 2080 2960 2080 0 1 -0.3125000036786936 -4.848077352067921 100 default
w 2928 2016 2944 2016 0
w 2928 2080 2944 2080 0
r 2976 2016 2992 2016 0 781
r 2992 2016 3008 2016 0 781
r 3008 2016 3024 2016 0 781
r 3024 2016 3040 2016 0 781
w 2944 2000 3056 1968 0
w 2960 2032 3056 1968 0
w 2944 2064 3056 1968 0
w 2960 2096 3056 1968 0
w 2944 1968 2976 2016 0
w 2960 2000 2992 2016 0
w 2944 2032 3008 2016 0
w 2960 2064 3024 2016 0
w 3056 1840 3056 1712 0
w 2976 1888 3040 1760 0
t 2928 1856 2944 1856 0 1 -2.4999999742744388 -4.848077336026261 100 default
t 2944 1888 2960 1888 0 1 -2.1874999817897924 -4.8480773383179265 100 default
t 2928 1920 2944 1920 0 1 -1.874999989013772 -4.848077340609592 100 default
t 2944 1952 2960 1952 0 1 -1.5624999954582532 -4.848077342901258 100 default
w 2928 1888 2944 1888 0
w 2928 1952 2944 1952 0
r 2976 1888 2992 1888 0 781
r 2992 1888 3008 1888 0 781
r 3008 1888 3024 1888 0 781
r 3024 1888 3040 1888 0 781
w 2944 1872 3056 1840 0
w 2960 1904 3056 1840 0
w 2944 1936 3056 1840 0
w 2960 1968 3056 1840 0
w 2944 1840 2976 1888 0
w 2960 1872 2992 1888 0
w 2944 1904 3008 1888 0
w 2960 1936 3024 1888 0
w 2976 1760 3040 1632 0
w 3056 1712 3056 1584 0
t 2928 1728 2944 1728 0 1 -3.7499999510617883 -4.848077326859599 100 default
t 2944 1760 2960 1760 0 1 -3.437499954861387 -4.848077329151264 100 default
t 2928 1792 2944 1792 0 1 -3.1249999603221115 -4.84807733144293 100 default
t 2944 1824 2960 1824 0 1 -2.8124999669558375 -4.8480773337345955 100 default
w 2928 1760 2944 1760 0
w 2928 1824 2944 1824 0
r 2976 1760 2992 1760 0 781
r 2992 1760 3008 1760 0 781
r 3008 1760 3024 1760 0 781
r 3024 1760 3040 1760 0 781
w 2944 1744 3056 1712 0
w 2960 1776 3056 1712 0
w 2944 1808 3056 1712 0
w 2960 1840 3056 1712 0
w 2944 1712 2976 1760 0
w 2960 1744 2992 1760 0
w 2944 1776 3008 1760 0
w 2960 1808 3024 1760 0
w 2960 1680 3024 1632 0
w 2944 1648 3008 1632 0
w 2960 1616 2992 1632 0
w 2944 1584 2976 1632 0
w 2960 1712 3056 1584 0
w 2944 1680 3056 1584 0
w 2960 1648 3056 1584 0
w 2944 1616 3056 1584 0
g 2976 1520 2976 1504 0 0
w 2976 1536 2976 1568 0
v 2976 1520 2976 1536 0 0 40 5 0 0 0.5
x 2942 1565 2959 1568 4 12 Vin
r 2912 1984 2928 1984 0 7333.33
r 2912 2016 2928 2016 0 7333.33
r 2912 2048 2928 2048 0 7333.33
r 2912 2080 2928 2080 0 7333.33
r 2912 1856 2928 1856 0 7333.33
r 2912 1888 2928 1888 0 7333.33
r 2912 1920 2928 1920 0 7333.33
r 2912 1952 2928 1952 0 7333.33
r 2912 1728 2928 1728 0 7333.33
r 2912 1760 2928 1760 0 7333.33
r 2912 1792 2928 1792 0 7333.33
r 2912 1824 2928 1824 0 7333.33
w 3056 1584 3056 1568 0
368 3056 1584 3088 1584 0 0
w 2976 1584 2976 1568 0
w 2976 1632 2976 1584 0
r 3024 1632 3040 1632 0 781
r 3008 1632 3024 1632 0 781
r 2992 1632 3008 1632 0 781
r 2976 1632 2992 1632 0 781
w 2928 1696 2944 1696 0
w 2928 1632 2944 1632 0
t 2944 1696 2960 1696 0 1 -4.06249994941144 -4.848077324567933 100 default
t 2928 1664 2944 1664 0 1 -4.37499995039847 -4.848077322276268 100 default
t 2944 1632 2960 1632 0 1 -4.687499954511001 -4.8480773199846015 100 default
t 2928 1600 2944 1600 0 1 -2.611200144997383e-9 0.15192264193302218 100 default
r 2912 1696 2928 1696 0 7333.33
r 2912 1664 2928 1664 0 7333.33
r 2912 1632 2928 1632 0 7333.33
r 2912 1600 2928 1600 0 7333.33
w 2608 1712 2704 1600 0
w 2608 1712 2608 1648 0
w 2512 1632 2560 1632 0
w 2544 1600 2560 1600 0
w 2544 1632 2544 1600 0
w 2736 1744 2720 1744 0
w 2704 1696 2720 1744 0
w 2800 1600 2816 1696 0
w 2800 1632 2816 1664 0
w 2800 1696 2816 1600 0
w 2800 1664 2816 1632 0
x 2532 1745 2668 1748 4 24 Global\sClock
164 2704 1600 2768 1600 12 4 5 0 0 0 false 0
150 2560 1616 2608 1616 0 2 0 5
208 2816 1600 2848 1600 0 default 5 0 0 0 0 0 0 0 0 0 0 0 0 0 0 0
x 2394 1651 2442 1654 4 12 Clamped
x 2417 1620 2441 1623 4 12 Free
R 2480 1584 2448 1584 0 0 40 0 0 0 0.5
155 2608 1616 2672 1616 0 0
R 2560 1664 2592 1664 0 0 40 5 0 0 0.5
r 2512 1664 2512 1632 0 100000
r 2544 1664 2544 1632 0 100000
w 2560 1664 2544 1664 0
w 2544 1664 2512 1664 0
w 2512 1632 2512 1616 0
a 2448 1632 2512 1632 8 5 0 1000000 0 0 100000
a 2480 1600 2544 1600 8 5 0 1000000 0 0 100000
x 2491 1547 2570 1550 4 14 Clamped\s>\s0
x 2418 1700 2518 1703 4 14 Clamped\s>\sFree
x 2633 1562 2826 1565 4 24 Up/down\sCounter\s
x 3017 1566 3041 1569 4 12 Vout
x 3049 2286 3073 2289 4 12 Vout
x 2665 2282 2858 2285 4 24 Up/down\sCounter\s
x 2450 2420 2550 2423 4 14 Clamped\s>\sFree
x 2523 2267 2602 2270 4 14 Clamped\s>\s0
a 2512 2320 2576 2320 8 5 0 1000000 0 0 100000
a 2480 2352 2544 2352 8 5 0 1000000 0 0 100000
w 2544 2352 2544 2336 0
w 2576 2384 2544 2384 0
w 2592 2384 2576 2384 0
r 2576 2384 2576 2352 0 100000
r 2544 2384 2544 2352 0 100000
R 2592 2384 2624 2384 0 0 40 5 0 0 0.5
155 2640 2336 2704 2336 0 0
R 2512 2304 2480 2304 0 0 40 0 0 0 0.5
x 2449 2340 2473 2343 4 12 Free
x 2426 2371 2474 2374 4 12 Clamped
208 2848 2320 2880 2320 0 default 5 0 0 0 0 0 0 0 0 0 0 0 0 0 0 0
150 2592 2336 2640 2336 0 2 0 5
164 2736 2320 2800 2320 12 4 5 0 0 0 false 0
x 2564 2465 2700 2468 4 24 Global\sClock
w 2832 2384 2848 2352 0
w 2832 2416 2848 2320 0
w 2832 2352 2848 2384 0
w 2832 2320 2848 2416 0
w 2736 2416 2752 2464 0
w 2768 2464 2752 2464 0
w 2576 2352 2576 2320 0
w 2576 2320 2592 2320 0
w 2544 2352 2592 2352 0
w 2640 2432 2640 2368 0
w 2640 2432 2736 2320 0
r 2944 2320 2960 2320 0 7333.33
r 2944 2352 2960 2352 0 7333.33
r 2944 2384 2960 2384 0 7333.33
r 2944 2416 2960 2416 0 7333.33
t 2960 2320 2976 2320 0 1 -2.611201033175803e-9 0.15192264193302218 100 default
t 2976 2352 2992 2352 0 1 -4.687499954511001 -4.848077319984601 100 default
t 2960 2384 2976 2384 0 1 -4.374999950398473 -4.848077322276267 100 default
t 2976 2416 2992 2416 0 1 -4.062499949411444 -4.8480773245679325 100 default
w 2960 2352 2976 2352 0
w 2960 2416 2976 2416 0
r 3008 2352 3024 2352 0 781
r 3024 2352 3040 2352 0 781
r 3040 2352 3056 2352 0 781
r 3056 2352 3072 2352 0 781
w 3008 2352 3008 2304 0
w 3008 2304 3008 2288 0
368 3088 2304 3120 2304 0 0
w 3088 2304 3088 2288 0
r 2944 2544 2960 2544 0 7333.33
r 2944 2512 2960 2512 0 7333.33
r 2944 2480 2960 2480 0 7333.33
r 2944 2448 2960 2448 0 7333.33
r 2944 2672 2960 2672 0 7333.33
r 2944 2640 2960 2640 0 7333.33
r 2944 2608 2960 2608 0 7333.33
r 2944 2576 2960 2576 0 7333.33
r 2944 2800 2960 2800 0 7333.33
r 2944 2768 2960 2768 0 7333.33
r 2944 2736 2960 2736 0 7333.33
r 2944 2704 2960 2704 0 7333.33
x 2974 2285 2991 2288 4 12 Vin
v 3008 2240 3008 2256 0 0 40 5 0 0 0.5
w 3008 2256 3008 2288 0
g 3008 2240 3008 2224 0 0
w 2976 2336 3088 2304 0
w 2992 2368 3088 2304 0
w 2976 2400 3088 2304 0
w 2992 2432 3088 2304 0
w 2976 2304 3008 2352 0
w 2992 2336 3024 2352 0
w 2976 2368 3040 2352 0
w 2992 2400 3056 2352 0
w 2992 2528 3056 2480 0
w 2976 2496 3040 2480 0
w 2992 2464 3024 2480 0
w 2976 2432 3008 2480 0
w 2992 2560 3088 2432 0
w 2976 2528 3088 2432 0
w 2992 2496 3088 2432 0
w 2976 2464 3088 2432 0
r 3056 2480 3072 2480 0 781
r 3040 2480 3056 2480 0 781
r 3024 2480 3040 2480 0 781
r 3008 2480 3024 2480 0 781
w 2960 2544 2976 2544 0
w 2960 2480 2976 2480 0
t 2976 2544 2992 2544 0 1 -2.812499966955841 -4.848077333734595 100 default
t 2960 2512 2976 2512 0 1 -3.124999960322116 -4.848077331442929 100 default
t 2976 2480 2992 2480 0 1 -3.437499954861392 -4.8480773291512635 100 default
t 2960 2448 2976 2448 0 1 -3.7499999510617927 -4.848077326859598 100 default
w 3088 2432 3088 2304 0
w 3008 2480 3072 2352 0
w 2992 2656 3056 2608 0
w 2976 2624 3040 2608 0
w 2992 2592 3024 2608 0
w 2976 2560 3008 2608 0
w 2992 2688 3088 2560 0
w 2976 2656 3088 2560 0
w 2992 2624 3088 2560 0
w 2976 2592 3088 2560 0
r 3056 2608 3072 2608 0 781
r 3040 2608 3056 2608 0 781
r 3024 2608 3040 2608 0 781
r 3008 2608 3024 2608 0 781
w 2960 2672 2976 2672 0
w 2960 2608 2976 2608 0
t 2976 2672 2992 2672 0 1 -1.5624999954582557 -4.848077342901257 100 default
t 2960 2640 2976 2640 0 1 -1.8749999890137747 -4.848077340609591 100 default
t 2976 2608 2992 2608 0 1 -2.1874999817897955 -4.848077338317926 100 default
t 2960 2576 2976 2576 0 1 -2.4999999742744428 -4.84807733602626 100 default
w 3008 2608 3072 2480 0
w 3088 2560 3088 2432 0
w 2992 2784 3056 2736 0
w 2976 2752 3040 2736 0
w 2992 2720 3024 2736 0
w 2976 2688 3008 2736 0
w 2992 2816 3088 2688 0
w 2976 2784 3088 2688 0
w 2992 2752 3088 2688 0
w 2976 2720 3088 2688 0
r 3056 2736 3072 2736 0 781
r 3040 2736 3056 2736 0 781
r 3024 2736 3040 2736 0 781
r 3008 2736 3024 2736 0 781
w 2960 2800 2976 2800 0
w 2960 2736 2976 2736 0
t 2976 2800 2992 2800 0 1 -0.3125000036786942 -4.84807735206792 100 default
t 2960 2768 2976 2768 0 1 -0.6250000052334569 -4.848077349776253 100 default
t 2976 2736 2992 2736 0 1 -0.9375000040562214 -4.848077347484588 100 default
t 2960 2704 2976 2704 0 1 -1.2500000006351124 -4.848077345192922 100 default
w 3008 2736 3072 2608 0
w 3088 2688 3088 2560 0
g 3072 2736 3072 2752 0 0
g 2288 2736 2288 2752 0 0
w 2304 2688 2304 2560 0
w 2224 2736 2288 2608 0
t 2176 2704 2192 2704 0 1 -1.2500000006351106 -4.848077345192923 100 default
t 2192 2736 2208 2736 0 1 -0.9375000040562202 -4.848077347484589 100 default
t 2176 2768 2192 2768 0 1 -0.6250000052334561 -4.848077349776254 100 default
t 2192 2800 2208 2800 0 1 -0.3125000036786936 -4.848077352067921 100 default
w 2176 2736 2192 2736 0
w 2176 2800 2192 2800 0
r 2224 2736 2240 2736 0 781
r 2240 2736 2256 2736 0 781
r 2256 2736 2272 2736 0 781
r 2272 2736 2288 2736 0 781
w 2192 2720 2304 2688 0
w 2208 2752 2304 2688 0
w 2192 2784 2304 2688 0
w 2208 2816 2304 2688 0
w 2192 2688 2224 2736 0
w 2208 2720 2240 2736 0
w 2192 2752 2256 2736 0
w 2208 2784 2272 2736 0
w 2304 2560 2304 2432 0
w 2224 2608 2288 2480 0
t 2176 2576 2192 2576 0 1 -2.4999999742744388 -4.848077336026261 100 default
t 2192 2608 2208 2608 0 1 -2.1874999817897924 -4.8480773383179265 100 default
t 2176 2640 2192 2640 0 1 -1.874999989013772 -4.848077340609592 100 default
t 2192 2672 2208 2672 0 1 -1.5624999954582532 -4.848077342901258 100 default
w 2176 2608 2192 2608 0
w 2176 2672 2192 2672 0
r 2224 2608 2240 2608 0 781
r 2240 2608 2256 2608 0 781
r 2256 2608 2272 2608 0 781
r 2272 2608 2288 2608 0 781
w 2192 2592 2304 2560 0
w 2208 2624 2304 2560 0
w 2192 2656 2304 2560 0
w 2208 2688 2304 2560 0
w 2192 2560 2224 2608 0
w 2208 2592 2240 2608 0
w 2192 2624 2256 2608 0
w 2208 2656 2272 2608 0
w 2224 2480 2288 2352 0
w 2304 2432 2304 2304 0
t 2176 2448 2192 2448 0 1 -3.7499999510617883 -4.848077326859599 100 default
t 2192 2480 2208 2480 0 1 -3.437499954861387 -4.848077329151264 100 default
t 2176 2512 2192 2512 0 1 -3.1249999603221115 -4.84807733144293 100 default
t 2192 2544 2208 2544 0 1 -2.8124999669558375 -4.8480773337345955 100 default
w 2176 2480 2192 2480 0
w 2176 2544 2192 2544 0
r 2224 2480 2240 2480 0 781
r 2240 2480 2256 2480 0 781
r 2256 2480 2272 2480 0 781
r 2272 2480 2288 2480 0 781
w 2192 2464 2304 2432 0
w 2208 2496 2304 2432 0
w 2192 2528 2304 2432 0
w 2208 2560 2304 2432 0
w 2192 2432 2224 2480 0
w 2208 2464 2240 2480 0
w 2192 2496 2256 2480 0
w 2208 2528 2272 2480 0
w 2208 2400 2272 2352 0
w 2192 2368 2256 2352 0
w 2208 2336 2240 2352 0
w 2192 2304 2224 2352 0
w 2208 2432 2304 2304 0
w 2192 2400 2304 2304 0
w 2208 2368 2304 2304 0
w 2192 2336 2304 2304 0
g 2224 2240 2224 2224 0 0
w 2224 2256 2224 2288 0
v 2224 2240 2224 2256 0 0 40 5 0 0 0.5
x 2190 2285 2207 2288 4 12 Vin
r 2160 2704 2176 2704 0 7333.33
r 2160 2736 2176 2736 0 7333.33
r 2160 2768 2176 2768 0 7333.33
r 2160 2800 2176 2800 0 7333.33
r 2160 2576 2176 2576 0 7333.33
r 2160 2608 2176 2608 0 7333.33
r 2160 2640 2176 2640 0 7333.33
r 2160 2672 2176 2672 0 7333.33
r 2160 2448 2176 2448 0 7333.33
r 2160 2480 2176 2480 0 7333.33
r 2160 2512 2176 2512 0 7333.33
r 2160 2544 2176 2544 0 7333.33
w 2304 2304 2304 2288 0
368 2304 2304 2336 2304 0 0
w 2224 2304 2224 2288 0
w 2224 2352 2224 2304 0
r 2272 2352 2288 2352 0 781
r 2256 2352 2272 2352 0 781
r 2240 2352 2256 2352 0 781
r 2224 2352 2240 2352 0 781
w 2176 2416 2192 2416 0
w 2176 2352 2192 2352 0
t 2192 2416 2208 2416 0 1 -4.06249994941144 -4.848077324567933 100 default
t 2176 2384 2192 2384 0 1 -4.37499995039847 -4.848077322276268 100 default
t 2192 2352 2208 2352 0 1 -4.687499954511001 -4.8480773199846015 100 default
t 2176 2320 2192 2320 0 1 -2.611200144997383e-9 0.15192264193302218 100 default
r 2160 2416 2176 2416 0 7333.33
r 2160 2384 2176 2384 0 7333.33
r 2160 2352 2176 2352 0 7333.33
r 2160 2320 2176 2320 0 7333.33
w 1856 2432 1952 2320 0
w 1856 2432 1856 2368 0
w 1760 2352 1808 2352 0
w 1792 2320 1808 2320 0
w 1792 2352 1792 2320 0
w 1984 2464 1968 2464 0
w 1952 2416 1968 2464 0
w 2048 2320 2064 2416 0
w 2048 2352 2064 2384 0
w 2048 2416 2064 2320 0
w 2048 2384 2064 2352 0
x 1780 2465 1916 2468 4 24 Global\sClock
164 1952 2320 2016 2320 12 4 5 0 0 0 false 0
150 1808 2336 1856 2336 0 2 0 5
208 2064 2320 2096 2320 0 default 5 0 0 0 0 0 0 0 0 0 0 0 0 0 0 0
x 1642 2371 1690 2374 4 12 Clamped
x 1665 2340 1689 2343 4 12 Free
R 1728 2304 1696 2304 0 0 40 0 0 0 0.5
155 1856 2336 1920 2336 0 0
R 1808 2384 1840 2384 0 0 40 5 0 0 0.5
r 1760 2384 1760 2352 0 100000
r 1792 2384 1792 2352 0 100000
w 1808 2384 1792 2384 0
w 1792 2384 1760 2384 0
w 1760 2352 1760 2336 0
a 1696 2352 1760 2352 8 5 0 1000000 0 0 100000
a 1728 2320 1792 2320 8 5 0 1000000 0 0 100000
x 1739 2267 1818 2270 4 14 Clamped\s>\s0
x 1666 2420 1766 2423 4 14 Clamped\s>\sFree
x 1881 2282 2074 2285 4 24 Up/down\sCounter\s
x 2265 2286 2289 2289 4 12 Vout
x 633 2302 657 2305 4 12 Vout
x 249 2298 442 2301 4 24 Up/down\sCounter\s
x 34 2436 134 2439 4 14 Clamped\s>\sFree
x 107 2283 186 2286 4 14 Clamped\s>\s0
a 96 2336 160 2336 8 5 0 1000000 0 0 100000
a 64 2368 128 2368 8 5 0 1000000 0 0 100000
w 128 2368 128 2352 0
w 160 2400 128 2400 0
w 176 2400 160 2400 0
r 160 2400 160 2368 0 100000
r 128 2400 128 2368 0 100000
R 176 2400 208 2400 0 0 40 5 0 0 0.5
155 224 2352 288 2352 0 0
R 96 2320 64 2320 0 0 40 0 0 0 0.5
x 33 2356 57 2359 4 12 Free
x 10 2387 58 2390 4 12 Clamped
208 432 2336 464 2336 0 default 5 0 0 0 0 0 0 0 0 0 0 0 0 0 0 0
150 176 2352 224 2352 0 2 0 5
164 320 2336 384 2336 12 4 5 0 0 0 false 0
x 148 2481 284 2484 4 24 Global\sClock
w 416 2400 432 2368 0
w 416 2432 432 2336 0
w 416 2368 432 2400 0
w 416 2336 432 2432 0
w 320 2432 336 2480 0
w 352 2480 336 2480 0
w 160 2368 160 2336 0
w 160 2336 176 2336 0
w 128 2368 176 2368 0
w 224 2448 224 2384 0
w 224 2448 320 2336 0
r 528 2336 544 2336 0 7333.33
r 528 2368 544 2368 0 7333.33
r 528 2400 544 2400 0 7333.33
r 528 2432 544 2432 0 7333.33
t 544 2336 560 2336 0 1 -2.611201033175803e-9 0.15192264193302218 100 default
t 560 2368 576 2368 0 1 -4.687499954511001 -4.848077319984601 100 default
t 544 2400 560 2400 0 1 -4.374999950398473 -4.848077322276267 100 default
t 560 2432 576 2432 0 1 -4.062499949411444 -4.8480773245679325 100 default
w 544 2368 560 2368 0
w 544 2432 560 2432 0
r 592 2368 608 2368 0 781
r 608 2368 624 2368 0 781
r 624 2368 640 2368 0 781
r 640 2368 656 2368 0 781
w 592 2368 592 2320 0
w 592 2320 592 2304 0
368 672 2320 704 2320 0 0
w 672 2320 672 2304 0
r 528 2560 544 2560 0 7333.33
r 528 2528 544 2528 0 7333.33
r 528 2496 544 2496 0 7333.33
r 528 2464 544 2464 0 7333.33
r 528 2688 544 2688 0 7333.33
r 528 2656 544 2656 0 7333.33
r 528 2624 544 2624 0 7333.33
r 528 2592 544 2592 0 7333.33
r 528 2816 544 2816 0 7333.33
r 528 2784 544 2784 0 7333.33
r 528 2752 544 2752 0 7333.33
r 528 2720 544 2720 0 7333.33
x 558 2301 575 2304 4 12 Vin
v 592 2256 592 2272 0 0 40 5 0 0 0.5
w 592 2272 592 2304 0
g 592 2256 592 2240 0 0
w 560 2352 672 2320 0
w 576 2384 672 2320 0
w 560 2416 672 2320 0
w 576 2448 672 2320 0
w 560 2320 592 2368 0
w 576 2352 608 2368 0
w 560 2384 624 2368 0
w 576 2416 640 2368 0
w 576 2544 640 2496 0
w 560 2512 624 2496 0
w 576 2480 608 2496 0
w 560 2448 592 2496 0
w 576 2576 672 2448 0
w 560 2544 672 2448 0
w 576 2512 672 2448 0
w 560 2480 672 2448 0
r 640 2496 656 2496 0 781
r 624 2496 640 2496 0 781
r 608 2496 624 2496 0 781
r 592 2496 608 2496 0 781
w 544 2560 560 2560 0
w 544 2496 560 2496 0
t 560 2560 576 2560 0 1 -2.812499966955841 -4.848077333734595 100 default
t 544 2528 560 2528 0 1 -3.124999960322116 -4.848077331442929 100 default
t 560 2496 576 2496 0 1 -3.437499954861392 -4.8480773291512635 100 default
t 544 2464 560 2464 0 1 -3.7499999510617927 -4.848077326859598 100 default
w 672 2448 672 2320 0
w 592 2496 656 2368 0
w 576 2672 640 2624 0
w 560 2640 624 2624 0
w 576 2608 608 2624 0
w 560 2576 592 2624 0
w 576 2704 672 2576 0
w 560 2672 672 2576 0
w 576 2640 672 2576 0
w 560 2608 672 2576 0
r 640 2624 656 2624 0 781
r 624 2624 640 2624 0 781
r 608 2624 624 2624 0 781
r 592 2624 608 2624 0 781
w 544 2688 560 2688 0
w 544 2624 560 2624 0
t 560 2688 576 2688 0 1 -1.5624999954582557 -4.848077342901257 100 default
t 544 2656 560 2656 0 1 -1.8749999890137747 -4.848077340609591 100 default
t 560 2624 576 2624 0 1 -2.1874999817897955 -4.848077338317926 100 default
t 544 2592 560 2592 0 1 -2.4999999742744428 -4.84807733602626 100 default
w 592 2624 656 2496 0
w 672 2576 672 2448 0
w 576 2800 640 2752 0
w 560 2768 624 2752 0
w 576 2736 608 2752 0
w 560 2704 592 2752 0
w 576 2832 672 2704 0
w 560 2800 672 2704 0
w 576 2768 672 2704 0
w 560 2736 672 2704 0
r 640 2752 656 2752 0 781
r 624 2752 640 2752 0 781
r 608 2752 624 2752 0 781
r 592 2752 608 2752 0 781
w 544 2816 560 2816 0
w 544 2752 560 2752 0
t 560 2816 576 2816 0 1 -0.3125000036786942 -4.84807735206792 100 default
t 544 2784 560 2784 0 1 -0.6250000052334569 -4.848077349776253 100 default
t 560 2752 576 2752 0 1 -0.9375000040562214 -4.848077347484588 100 default
t 544 2720 560 2720 0 1 -1.2500000006351124 -4.848077345192922 100 default
w 592 2752 656 2624 0
w 672 2704 672 2576 0
g 656 2752 656 2768 0 0
g 1440 2752 1440 2768 0 0
w 1456 2704 1456 2576 0
w 1376 2752 1440 2624 0
t 1328 2720 1344 2720 0 1 -1.2500000006351106 -4.848077345192923 100 default
t 1344 2752 1360 2752 0 1 -0.9375000040562202 -4.848077347484589 100 default
t 1328 2784 1344 2784 0 1 -0.6250000052334561 -4.848077349776254 100 default
t 1344 2816 1360 2816 0 1 -0.3125000036786936 -4.848077352067921 100 default
w 1328 2752 1344 2752 0
w 1328 2816 1344 2816 0
r 1376 2752 1392 2752 0 781
r 1392 2752 1408 2752 0 781
r 1408 2752 1424 2752 0 781
r 1424 2752 1440 2752 0 781
w 1344 2736 1456 2704 0
w 1360 2768 1456 2704 0
w 1344 2800 1456 2704 0
w 1360 2832 1456 2704 0
w 1344 2704 1376 2752 0
w 1360 2736 1392 2752 0
w 1344 2768 1408 2752 0
w 1360 2800 1424 2752 0
w 1456 2576 1456 2448 0
w 1376 2624 1440 2496 0
t 1328 2592 1344 2592 0 1 -2.4999999742744388 -4.848077336026261 100 default
t 1344 2624 1360 2624 0 1 -2.1874999817897924 -4.8480773383179265 100 default
t 1328 2656 1344 2656 0 1 -1.874999989013772 -4.848077340609592 100 default
t 1344 2688 1360 2688 0 1 -1.5624999954582532 -4.848077342901258 100 default
w 1328 2624 1344 2624 0
w 1328 2688 1344 2688 0
r 1376 2624 1392 2624 0 781
r 1392 2624 1408 2624 0 781
r 1408 2624 1424 2624 0 781
r 1424 2624 1440 2624 0 781
w 1344 2608 1456 2576 0
w 1360 2640 1456 2576 0
w 1344 2672 1456 2576 0
w 1360 2704 1456 2576 0
w 1344 2576 1376 2624 0
w 1360 2608 1392 2624 0
w 1344 2640 1408 2624 0
w 1360 2672 1424 2624 0
w 1376 2496 1440 2368 0
w 1456 2448 1456 2320 0
t 1328 2464 1344 2464 0 1 -3.7499999510617883 -4.848077326859599 100 default
t 1344 2496 1360 2496 0 1 -3.437499954861387 -4.848077329151264 100 default
t 1328 2528 1344 2528 0 1 -3.1249999603221115 -4.84807733144293 100 default
t 1344 2560 1360 2560 0 1 -2.8124999669558375 -4.8480773337345955 100 default
w 1328 2496 1344 2496 0
w 1328 2560 1344 2560 0
r 1376 2496 1392 2496 0 781
r 1392 2496 1408 2496 0 781
r 1408 2496 1424 2496 0 781
r 1424 2496 1440 2496 0 781
w 1344 2480 1456 2448 0
w 1360 2512 1456 2448 0
w 1344 2544 1456 2448 0
w 1360 2576 1456 2448 0
w 1344 2448 1376 2496 0
w 1360 2480 1392 2496 0
w 1344 2512 1408 2496 0
w 1360 2544 1424 2496 0
w 1360 2416 1424 2368 0
w 1344 2384 1408 2368 0
w 1360 2352 1392 2368 0
w 1344 2320 1376 2368 0
w 1360 2448 1456 2320 0
w 1344 2416 1456 2320 0
w 1360 2384 1456 2320 0
w 1344 2352 1456 2320 0
g 1376 2256 1376 2240 0 0
w 1376 2272 1376 2304 0
v 1376 2256 1376 2272 0 0 40 5 0 0 0.5
x 1342 2301 1359 2304 4 12 Vin
r 1312 2720 1328 2720 0 7333.33
r 1312 2752 1328 2752 0 7333.33
r 1312 2784 1328 2784 0 7333.33
r 1312 2816 1328 2816 0 7333.33
r 1312 2592 1328 2592 0 7333.33
r 1312 2624 1328 2624 0 7333.33
r 1312 2656 1328 2656 0 7333.33
r 1312 2688 1328 2688 0 7333.33
r 1312 2464 1328 2464 0 7333.33
r 1312 2496 1328 2496 0 7333.33
r 1312 2528 1328 2528 0 7333.33
r 1312 2560 1328 2560 0 7333.33
w 1456 2320 1456 2304 0
368 1456 2320 1488 2320 0 0
w 1376 2320 1376 2304 0
w 1376 2368 1376 2320 0
r 1424 2368 1440 2368 0 781
r 1408 2368 1424 2368 0 781
r 1392 2368 1408 2368 0 781
r 1376 2368 1392 2368 0 781
w 1328 2432 1344 2432 0
w 1328 2368 1344 2368 0
t 1344 2432 1360 2432 0 1 -4.06249994941144 -4.848077324567933 100 default
t 1328 2400 1344 2400 0 1 -4.37499995039847 -4.848077322276268 100 default
t 1344 2368 1360 2368 0 1 -4.687499954511001 -4.8480773199846015 100 default
t 1328 2336 1344 2336 0 1 -2.611200144997383e-9 0.15192264193302218 100 default
r 1312 2432 1328 2432 0 7333.33
r 1312 2400 1328 2400 0 7333.33
r 1312 2368 1328 2368 0 7333.33
r 1312 2336 1328 2336 0 7333.33
w 1008 2448 1104 2336 0
w 1008 2448 1008 2384 0
w 912 2368 960 2368 0
w 944 2336 960 2336 0
w 944 2368 944 2336 0
w 1136 2480 1120 2480 0
w 1104 2432 1120 2480 0
w 1200 2336 1216 2432 0
w 1200 2368 1216 2400 0
w 1200 2432 1216 2336 0
w 1200 2400 1216 2368 0
x 932 2481 1068 2484 4 24 Global\sClock
164 1104 2336 1168 2336 12 4 5 0 0 0 false 0
150 960 2352 1008 2352 0 2 0 5
208 1216 2336 1248 2336 0 default 5 0 0 0 0 0 0 0 0 0 0 0 0 0 0 0
x 794 2387 842 2390 4 12 Clamped
x 817 2356 841 2359 4 12 Free
R 880 2320 848 2320 0 0 40 0 0 0 0.5
155 1008 2352 1072 2352 0 0
R 960 2400 992 2400 0 0 40 5 0 0 0.5
r 912 2400 912 2368 0 100000
r 944 2400 944 2368 0 100000
w 960 2400 944 2400 0
w 944 2400 912 2400 0
w 912 2368 912 2352 0
a 848 2368 912 2368 8 5 0 1000000 0 0 100000
a 880 2336 944 2336 8 5 0 1000000 0 0 100000
x 891 2283 970 2286 4 14 Clamped\s>\s0
x 818 2436 918 2439 4 14 Clamped\s>\sFree
x 1033 2298 1226 2301 4 24 Up/down\sCounter\s
x 1417 2302 1441 2305 4 12 Vout
x 1385 1582 1409 1585 4 12 Vout
x 1001 1578 1194 1581 4 24 Up/down\sCounter\s
x 786 1716 886 1719 4 14 Clamped\s>\sFree
x 859 1563 938 1566 4 14 Clamped\s>\s0
a 848 1616 912 1616 8 5 0 1000000 0 0 100000
a 816 1648 880 1648 8 5 0 1000000 0 0 100000
w 880 1648 880 1632 0
w 912 1680 880 1680 0
w 928 1680 912 1680 0
r 912 1680 912 1648 0 100000
r 880 1680 880 1648 0 100000
R 928 1680 960 1680 0 0 40 5 0 0 0.5
155 976 1632 1040 1632 0 0
R 848 1600 816 1600 0 0 40 0 0 0 0.5
x 785 1636 809 1639 4 12 Free
x 762 1667 810 1670 4 12 Clamped
208 1184 1616 1216 1616 0 default 5 0 0 0 0 0 0 0 0 0 0 0 0 0 0 0
150 928 1632 976 1632 0 2 0 5
164 1072 1616 1136 1616 12 4 5 0 0 0 false 0
x 900 1761 1036 1764 4 24 Global\sClock
w 1168 1680 1184 1648 0
w 1168 1712 1184 1616 0
w 1168 1648 1184 1680 0
w 1168 1616 1184 1712 0
w 1072 1712 1088 1760 0
w 1104 1760 1088 1760 0
w 912 1648 912 1616 0
w 912 1616 928 1616 0
w 880 1648 928 1648 0
w 976 1728 976 1664 0
w 976 1728 1072 1616 0
r 1280 1616 1296 1616 0 7333.33
r 1280 1648 1296 1648 0 7333.33
r 1280 1680 1296 1680 0 7333.33
r 1280 1712 1296 1712 0 7333.33
t 1296 1616 1312 1616 0 1 -2.611201033175803e-9 0.15192264193302218 100 default
t 1312 1648 1328 1648 0 1 -4.687499954511001 -4.848077319984601 100 default
t 1296 1680 1312 1680 0 1 -4.374999950398473 -4.848077322276267 100 default
t 1312 1712 1328 1712 0 1 -4.062499949411444 -4.8480773245679325 100 default
w 1296 1648 1312 1648 0
w 1296 1712 1312 1712 0
r 1344 1648 1360 1648 0 781
r 1360 1648 1376 1648 0 781
r 1376 1648 1392 1648 0 781
r 1392 1648 1408 1648 0 781
w 1344 1648 1344 1600 0
w 1344 1600 1344 1584 0
368 1424 1600 1456 1600 0 0
w 1424 1600 1424 1584 0
r 1280 1840 1296 1840 0 7333.33
r 1280 1808 1296 1808 0 7333.33
r 1280 1776 1296 1776 0 7333.33
r 1280 1744 1296 1744 0 7333.33
r 1280 1968 1296 1968 0 7333.33
r 1280 1936 1296 1936 0 7333.33
r 1280 1904 1296 1904 0 7333.33
r 1280 1872 1296 1872 0 7333.33
r 1280 2096 1296 2096 0 7333.33
r 1280 2064 1296 2064 0 7333.33
r 1280 2032 1296 2032 0 7333.33
r 1280 2000 1296 2000 0 7333.33
x 1310 1581 1327 1584 4 12 Vin
v 1344 1536 1344 1552 0 0 40 5 0 0 0.5
w 1344 1552 1344 1584 0
g 1344 1536 1344 1520 0 0
w 1312 1632 1424 1600 0
w 1328 1664 1424 1600 0
w 1312 1696 1424 1600 0
w 1328 1728 1424 1600 0
w 1312 1600 1344 1648 0
w 1328 1632 1360 1648 0
w 1312 1664 1376 1648 0
w 1328 1696 1392 1648 0
w 1328 1824 1392 1776 0
w 1312 1792 1376 1776 0
w 1328 1760 1360 1776 0
w 1312 1728 1344 1776 0
w 1328 1856 1424 1728 0
w 1312 1824 1424 1728 0
w 1328 1792 1424 1728 0
w 1312 1760 1424 1728 0
r 1392 1776 1408 1776 0 781
r 1376 1776 1392 1776 0 781
r 1360 1776 1376 1776 0 781
r 1344 1776 1360 1776 0 781
w 1296 1840 1312 1840 0
w 1296 1776 1312 1776 0
t 1312 1840 1328 1840 0 1 -2.812499966955841 -4.848077333734595 100 default
t 1296 1808 1312 1808 0 1 -3.124999960322116 -4.848077331442929 100 default
t 1312 1776 1328 1776 0 1 -3.437499954861392 -4.8480773291512635 100 default
t 1296 1744 1312 1744 0 1 -3.7499999510617927 -4.848077326859598 100 default
w 1424 1728 1424 1600 0
w 1344 1776 1408 1648 0
w 1328 1952 1392 1904 0
w 1312 1920 1376 1904 0
w 1328 1888 1360 1904 0
w 1312 1856 1344 1904 0
w 1328 1984 1424 1856 0
w 1312 1952 1424 1856 0
w 1328 1920 1424 1856 0
w 1312 1888 1424 1856 0
r 1392 1904 1408 1904 0 781
r 1376 1904 1392 1904 0 781
r 1360 1904 1376 1904 0 781
r 1344 1904 1360 1904 0 781
w 1296 1968 1312 1968 0
w 1296 1904 1312 1904 0
t 1312 1968 1328 1968 0 1 -1.5624999954582557 -4.848077342901257 100 default
t 1296 1936 1312 1936 0 1 -1.8749999890137747 -4.848077340609591 100 default
t 1312 1904 1328 1904 0 1 -2.1874999817897955 -4.848077338317926 100 default
t 1296 1872 1312 1872 0 1 -2.4999999742744428 -4.84807733602626 100 default
w 1344 1904 1408 1776 0
w 1424 1856 1424 1728 0
w 1328 2080 1392 2032 0
w 1312 2048 1376 2032 0
w 1328 2016 1360 2032 0
w 1312 1984 1344 2032 0
w 1328 2112 1424 1984 0
w 1312 2080 1424 1984 0
w 1328 2048 1424 1984 0
w 1312 2016 1424 1984 0
r 1392 2032 1408 2032 0 781
r 1376 2032 1392 2032 0 781
r 1360 2032 1376 2032 0 781
r 1344 2032 1360 2032 0 781
w 1296 2096 1312 2096 0
w 1296 2032 1312 2032 0
t 1312 2096 1328 2096 0 1 -0.3125000036786942 -4.84807735206792 100 default
t 1296 2064 1312 2064 0 1 -0.6250000052334569 -4.848077349776253 100 default
t 1312 2032 1328 2032 0 1 -0.9375000040562214 -4.848077347484588 100 default
t 1296 2000 1312 2000 0 1 -1.2500000006351124 -4.848077345192922 100 default
w 1344 2032 1408 1904 0
w 1424 1984 1424 1856 0
g 1408 2032 1408 2048 0 0
g 624 2032 624 2048 0 0
w 640 1984 640 1856 0
w 560 2032 624 1904 0
t 512 2000 528 2000 0 1 -1.2500000006351106 -4.848077345192923 100 default
t 528 2032 544 2032 0 1 -0.9375000040562202 -4.848077347484589 100 default
t 512 2064 528 2064 0 1 -0.6250000052334561 -4.848077349776254 100 default
t 528 2096 544 2096 0 1 -0.3125000036786936 -4.848077352067921 100 default
w 512 2032 528 2032 0
w 512 2096 528 2096 0
r 560 2032 576 2032 0 781
r 576 2032 592 2032 0 781
r 592 2032 608 2032 0 781
r 608 2032 624 2032 0 781
w 528 2016 640 1984 0
w 544 2048 640 1984 0
w 528 2080 640 1984 0
w 544 2112 640 1984 0
w 528 1984 560 2032 0
w 544 2016 576 2032 0
w 528 2048 592 2032 0
w 544 2080 608 2032 0
w 640 1856 640 1728 0
w 560 1904 624 1776 0
t 512 1872 528 1872 0 1 -2.4999999742744388 -4.848077336026261 100 default
t 528 1904 544 1904 0 1 -2.1874999817897924 -4.8480773383179265 100 default
t 512 1936 528 1936 0 1 -1.874999989013772 -4.848077340609592 100 default
t 528 1968 544 1968 0 1 -1.5624999954582532 -4.848077342901258 100 default
w 512 1904 528 1904 0
w 512 1968 528 1968 0
r 560 1904 576 1904 0 781
r 576 1904 592 1904 0 781
r 592 1904 608 1904 0 781
r 608 1904 624 1904 0 781
w 528 1888 640 1856 0
w 544 1920 640 1856 0
w 528 1952 640 1856 0
w 544 1984 640 1856 0
w 528 1856 560 1904 0
w 544 1888 576 1904 0
w 528 1920 592 1904 0
w 544 1952 608 1904 0
w 560 1776 624 1648 0
w 640 1728 640 1600 0
t 512 1744 528 1744 0 1 -3.7499999510617883 -4.848077326859599 100 default
t 528 1776 544 1776 0 1 -3.437499954861387 -4.848077329151264 100 default
t 512 1808 528 1808 0 1 -3.1249999603221115 -4.84807733144293 100 default
t 528 1840 544 1840 0 1 -2.8124999669558375 -4.8480773337345955 100 default
w 512 1776 528 1776 0
w 512 1840 528 1840 0
r 560 1776 576 1776 0 781
r 576 1776 592 1776 0 781
r 592 1776 608 1776 0 781
r 608 1776 624 1776 0 781
w 528 1760 640 1728 0
w 544 1792 640 1728 0
w 528 1824 640 1728 0
w 544 1856 640 1728 0
w 528 1728 560 1776 0
w 544 1760 576 1776 0
w 528 1792 592 1776 0
w 544 1824 608 1776 0
w 544 1696 608 1648 0
w 528 1664 592 1648 0
w 544 1632 576 1648 0
w 528 1600 560 1648 0
w 544 1728 640 1600 0
w 528 1696 640 1600 0
w 544 1664 640 1600 0
w 528 1632 640 1600 0
g 560 1536 560 1520 0 0
w 560 1552 560 1584 0
v 560 1536 560 1552 0 0 40 5 0 0 0.5
x 526 1581 543 1584 4 12 Vin
r 496 2000 512 2000 0 7333.33
r 496 2032 512 2032 0 7333.33
r 496 2064 512 2064 0 7333.33
r 496 2096 512 2096 0 7333.33
r 496 1872 512 1872 0 7333.33
r 496 1904 512 1904 0 7333.33
r 496 1936 512 1936 0 7333.33
r 496 1968 512 1968 0 7333.33
r 496 1744 512 1744 0 7333.33
r 496 1776 512 1776 0 7333.33
r 496 1808 512 1808 0 7333.33
r 496 1840 512 1840 0 7333.33
w 640 1600 640 1584 0
368 640 1600 672 1600 0 0
w 560 1600 560 1584 0
w 560 1648 560 1600 0
r 608 1648 624 1648 0 781
r 592 1648 608 1648 0 781
r 576 1648 592 1648 0 781
r 560 1648 576 1648 0 781
w 512 1712 528 1712 0
w 512 1648 528 1648 0
t 528 1712 544 1712 0 1 -4.06249994941144 -4.848077324567933 100 default
t 512 1680 528 1680 0 1 -4.37499995039847 -4.848077322276268 100 default
t 528 1648 544 1648 0 1 -4.687499954511001 -4.8480773199846015 100 default
t 512 1616 528 1616 0 1 -2.611200144997383e-9 0.15192264193302218 100 default
r 496 1712 512 1712 0 7333.33
r 496 1680 512 1680 0 7333.33
r 496 1648 512 1648 0 7333.33
r 496 1616 512 1616 0 7333.33
w 192 1728 288 1616 0
w 192 1728 192 1664 0
w 96 1648 144 1648 0
w 128 1616 144 1616 0
w 128 1648 128 1616 0
w 320 1760 304 1760 0
w 288 1712 304 1760 0
w 384 1616 400 1712 0
w 384 1648 400 1680 0
w 384 1712 400 1616 0
w 384 1680 400 1648 0
x 116 1761 252 1764 4 24 Global\sClock
164 288 1616 352 1616 12 4 5 0 0 0 false 0
150 144 1632 192 1632 0 2 0 5
208 400 1616 432 1616 0 default 5 0 0 0 0 0 0 0 0 0 0 0 0 0 0 0
x -22 1667 26 1670 4 12 Clamped
x 1 1636 25 1639 4 12 Free
R 64 1600 32 1600 0 0 40 0 0 0 0.5
155 192 1632 256 1632 0 0
R 144 1680 176 1680 0 0 40 5 0 0 0.5
r 96 1680 96 1648 0 100000
r 128 1680 128 1648 0 100000
w 144 1680 128 1680 0
w 128 1680 96 1680 0
w 96 1648 96 1632 0
a 32 1648 96 1648 8 5 0 1000000 0 0 100000
a 64 1616 128 1616 8 5 0 1000000 0 0 100000
x 75 1563 154 1566 4 14 Clamped\s>\s0
x 2 1716 102 1719 4 14 Clamped\s>\sFree
x 217 1578 410 1581 4 24 Up/down\sCounter\s
x 601 1582 625 1585 4 12 Vout
x 42 -308 108 -305 4 24 node1
x 350 -303 416 -300 4 24 node3
x 472 -301 538 -298 4 24 node4
x 587 -305 653 -302 4 24 node5
x 699 -305 765 -302 4 24 node6
x 189 -299 255 -296 4 24 node8
L 960 -176 960 -208 0 0 false 5 0
w 912 320 960 -176 0
w 128 320 960 -176 0
w 1760 304 960 -176 0
w 2544 304 960 -176 0
x 884 -271 1020 -268 4 24 Global\sClock
x 1662 -275 1724 -272 4 24 Reset
L 1696 -224 1696 -256 0 0 false 5 0
w 1872 336 1696 -224 0
w 1040 352 1696 -224 0
w 2672 336 1696 -224 0
w 256 352 1696 -224 0
w 288 1072 1696 -224 0
w 1072 1072 1696 -224 0
w 1920 1056 1696 -224 0
w 2704 1056 1696 -224 0
w 160 1040 960 -176 0
w 944 1040 960 -176 0
w 1792 1024 960 -176 0
w 2576 1024 960 -176 0
w 192 1728 960 -176 0
w 976 1728 960 -176 0
w 320 1760 1696 -224 0
w 1104 1760 1696 -224 0
w 1824 1712 960 -176 0
w 1952 1744 1696 -224 0
w 2608 1712 960 -160 0
w 2736 1744 1696 -224 0
w 224 2448 -224 784 0
w 352 2480 -128 784 0
w 1008 2448 -224 784 0
w 1136 2480 -128 800 0
w 1984 2464 -128 784 0
w 1856 2432 -224 784 0
w 2640 2432 -224 784 0
w 2768 2464 -128 784 0
w -128 784 -128 800 0
w -224 784 960 -176 0
w -128 784 1696 -224 0
w 960 -160 960 -176 0
w 2640 208 2640 256 0
w 1856 208 1856 256 0
w 1008 224 1008 272 0
w 224 224 224 272 0
w 256 944 256 992 0
w 1040 944 1040 992 0
w 1888 928 1888 976 0
w 2672 928 2672 976 0
w 288 1632 288 1680 0
w 1072 1632 1072 1680 0
w 1920 1616 1920 1664 0
w 2704 1616 2704 1664 0
w 2736 2336 2736 2384 0
w 1952 2336 1952 2384 0
w 1104 2352 1104 2400 0
w 320 2352 320 2400 0
