$ 1 0.000005 0.8729138363720133 43 5 43 5e-11
x 185 398 209 401 4 12 Vout
x -414 532 -314 535 4 14 Clamped\s>\sFree
x -341 379 -262 382 4 14 Clamped\s>\s0
a -352 432 -288 432 8 5 0 1000000 0 1.2315303186850326 100000
a -384 464 -320 464 8 5 0 1000000 1.2315221348608902 1.2315303186850326 100000
w -320 464 -320 448 0
w -288 496 -320 496 0
w -272 496 -288 496 0
r -288 496 -288 464 0 100000
r -320 496 -320 464 0 100000
R -272 496 -240 496 0 0 40 5 0 0 0.5
155 -224 448 -160 448 0 0
R -352 416 -384 416 0 0 40 0 0 0 0.5
x -415 452 -391 455 4 12 Free
x -438 483 -390 486 4 12 Clamped
! default 0 A,B,C,D H,\sI,\sJ,\sK,\sL,\sM,\sN,\sO,\sP,\sQ,\sR,\sS,\sT,\sU,\sV,\sW custom\slogic 0000\q0000000010000000\n1000\q0000000001000000\n0100\q0000000000100000\n1100\q0000000000010000\n0010\q0000000000001000\n1010\q0000000000000100\n0110\q0000000000000010\n1110\q0000000000000001\n0001\q1000000000000000\n1001\q0100000000000000\n0101\q0010000000000000\n1101\q0001000000000000\n0011\q0000100000000000\n1011\q0000010000000000\n0111\q0000001000000000\n1111\q0000000100000000\n
208 -16 432 16 432 0 default 0 0 0 0 0 0 0 0 0 0 0 0 0 0 5 0
150 -272 448 -224 448 0 2 5 5
164 -128 432 -64 432 12 4 0 5 5 0 false 0
w -32 496 -16 464 0
w -32 528 -16 432 0
w -32 464 -16 496 0
w -32 432 -16 528 0
w -288 464 -288 432 0
w -288 432 -272 432 0
w -320 464 -272 464 0
w -224 544 -224 480 0
w -224 544 -128 432 0
r 80 432 96 432 0 7333.33
r 80 464 96 464 0 7333.33
r 80 496 96 496 0 7333.33
r 80 528 96 528 0 7333.33
t 96 432 112 432 0 1 -4.999999962502373 -1.2315220973632626 100 default
t 112 464 128 464 0 1 -4.730772092859813 -1.2315220993375995 100 default
t 96 496 112 496 0 1 -4.461544229723002 -1.2315221013119362 100 default
t 112 528 128 528 0 1 -4.192316372671404 -1.2315221032862729 100 default
w 96 464 112 464 0
w 96 528 112 528 0
r 144 464 160 464 0 781
r 160 464 176 464 0 781
r 176 464 192 464 0 781
r 192 464 208 464 0 781
w 144 464 144 416 0
w 144 416 144 400 0
368 224 416 256 416 0 0
w 224 416 224 400 0
r 80 656 96 656 0 7333.33
r 80 624 96 624 0 7333.33
r 80 592 96 592 0 7333.33
r 80 560 96 560 0 7333.33
r 80 784 96 784 0 7333.33
r 80 752 96 752 0 7333.33
r 80 720 96 720 0 7333.33
r 80 688 96 688 0 7333.33
r 80 912 96 912 0 7333.33
r 80 880 96 880 0 7333.33
r 80 848 96 848 0 7333.33
r 80 816 96 816 0 7333.33
x 110 397 127 400 4 12 Vin
w 112 448 224 416 0
w 128 480 224 416 0
w 112 512 224 416 0
w 128 544 224 416 0
w 112 416 144 464 0
w 128 448 160 464 0
w 112 480 176 464 0
w 128 512 192 464 0
w 128 640 192 592 0
w 112 608 176 592 0
w 128 576 160 592 0
w 112 544 144 592 0
w 128 672 224 544 0
w 112 640 224 544 0
w 128 608 224 544 0
w 112 576 224 544 0
r 192 592 208 592 0 781
r 176 592 192 592 0 781
r 160 592 176 592 0 781
r 144 592 160 592 0 781
w 96 656 112 656 0
w 96 592 112 592 0
t 112 656 128 656 0 1 -3.1154049969064586 -1.2315221111836194 100 default
t 96 624 112 624 0 1 -3.384632833822544 -1.2315221092092827 100 default
t 112 592 128 592 0 1 -3.6538606751417086 -1.2315221072349463 100 default
t 96 560 112 560 0 1 -3.9230885212844844 -1.2315221052606096 100 default
w 224 544 224 416 0
w 144 592 208 464 0
w 128 768 192 720 0
w 112 736 176 720 0
w 128 704 160 720 0
w 112 672 144 720 0
w 128 800 224 672 0
w 112 768 224 672 0
w 128 736 224 672 0
w 112 704 224 672 0
r 192 720 208 720 0 781
r 176 720 192 720 0 781
r 160 720 176 720 0 781
r 144 720 160 720 0 781
w 96 784 112 784 0
w 96 720 112 720 0
t 112 784 128 784 0 1 -2.038493684862212 -1.2315221190809655 100 default
t 96 752 112 752 0 1 -2.3077215083713267 -1.231522117106629 100 default
t 112 720 128 720 0 1 -2.576949334601383 -1.2315221151322924 100 default
t 96 688 112 688 0 1 -2.846177163972916 -1.231522113157956 100 default
w 144 720 208 592 0
w 224 672 224 544 0
w 128 896 192 848 0
w 112 864 176 848 0
w 128 832 160 848 0
w 112 800 144 848 0
w 128 928 224 800 0
w 112 896 224 800 0
w 128 864 224 800 0
w 112 832 224 800 0
r 192 848 208 848 0 781
r 176 848 192 848 0 781
r 160 848 176 848 0 781
r 144 848 160 848 0 781
w 96 912 112 912 0
w 96 848 112 848 0
t 112 912 128 912 0 1 -0.6154051127733309 -1.2315221295169436 100 default
t 96 880 112 880 0 1 0.5738264191342011 0.57311452058541 100 default
t 112 848 128 848 0 1 -1.5000380443246748 -1.2315221230296383 100 default
t 96 816 112 816 0 1 -1.7692658636535066 -1.2315221210553018 100 default
w 144 848 208 720 0
w 224 800 224 672 0
g 208 848 208 864 0 0
w -128 448 -128 496 0
w -224 544 -240 544 0
x -276 -5 -4 -2 4 50 node1\s(free)
g 624 832 624 848 0 0
w 640 784 640 656 0
w 560 832 624 704 0
t 512 800 528 800 0 1 -1.7692725251602694 -1.2315303048793949 100 default
t 528 832 544 832 0 1 -1.5000452609570076 -1.231530306853727 100 default
t 512 864 528 864 0 1 0.5738263606687006 0.5731140500537326 100 default
t 528 896 544 896 0 1 -0.6154089986522845 -1.231530313341057 100 default
w 512 832 528 832 0
w 512 896 528 896 0
r 560 832 576 832 0 781
r 576 832 592 832 0 781
r 592 832 608 832 0 781
r 608 832 624 832 0 781
w 528 816 640 784 0
w 544 848 640 784 0
w 528 880 640 784 0
w 544 912 640 784 0
w 528 784 560 832 0
w 544 816 576 832 0
w 528 848 592 832 0
w 544 880 608 832 0
w 640 656 640 528 0
w 560 704 624 576 0
t 512 672 528 672 0 1 -2.8461816049774282 -1.2315302969820652 100 default
t 528 704 544 704 0 1 -2.576954330731455 -1.2315302989563977 100 default
t 512 736 528 736 0 1 -2.3077270596269597 -1.23153030093073 100 default
t 528 768 544 768 0 1 -2.038499791243409 -1.2315303029050624 100 default
w 512 704 528 704 0
w 512 768 528 768 0
r 560 704 576 704 0 781
r 576 704 592 704 0 781
r 592 704 608 704 0 781
r 608 704 624 704 0 781
w 528 688 640 656 0
w 544 720 640 656 0
w 528 752 640 656 0
w 544 784 640 656 0
w 528 656 560 704 0
w 544 688 576 704 0
w 528 720 592 704 0
w 544 752 608 704 0
w 560 576 624 448 0
w 640 528 640 400 0
t 512 544 528 544 0 1 -3.9230907417867615 -1.231530289084735 100 default
t 528 576 544 576 0 1 -3.653863450769546 -1.2315302910590675 100 default
t 512 608 528 608 0 1 -3.384636164575941 -1.2315302930334002 100 default
t 528 640 544 640 0 1 -3.1154088827854123 -1.2315302950077327 100 default
w 512 576 528 576 0
w 512 640 528 640 0
r 560 576 576 576 0 781
r 576 576 592 576 0 781
r 592 576 608 576 0 781
r 608 576 624 576 0 781
w 528 560 640 528 0
w 544 592 640 528 0
w 528 624 640 528 0
w 544 656 640 528 0
w 528 528 560 576 0
w 544 560 576 576 0
w 528 592 592 576 0
w 544 624 608 576 0
w 544 496 608 448 0
w 528 464 592 448 0
w 544 432 576 448 0
w 528 400 560 448 0
w 544 528 640 400 0
w 528 496 640 400 0
w 544 464 640 400 0
w 528 432 640 400 0
x 526 381 543 384 4 12 Vin
r 496 800 512 800 0 7333.33
r 496 832 512 832 0 7333.33
r 496 864 512 864 0 7333.33
r 496 896 512 896 0 7333.33
r 496 672 512 672 0 7333.33
r 496 704 512 704 0 7333.33
r 496 736 512 736 0 7333.33
r 496 768 512 768 0 7333.33
r 496 544 512 544 0 7333.33
r 496 576 512 576 0 7333.33
r 496 608 512 608 0 7333.33
r 496 640 512 640 0 7333.33
w 640 400 640 384 0
368 640 400 672 400 0 0
w 560 400 560 384 0
w 560 448 560 400 0
r 608 448 624 448 0 781
r 592 448 608 448 0 781
r 576 448 592 448 0 781
r 560 448 576 448 0 781
w 512 512 528 512 0
w 512 448 528 448 0
t 528 512 544 512 0 1 -4.192318038048118 -1.2315302871104024 100 default
t 512 480 528 480 0 1 -4.46154533997415 -1.2315302851360699 100 default
t 528 448 544 448 0 1 -4.73077264798539 -1.2315302831617372 100 default
t 512 416 528 416 0 1 -4.999999962502372 -1.2315302811874043 100 default
r 496 512 512 512 0 7333.33
r 496 480 512 480 0 7333.33
r 496 448 512 448 0 7333.33
r 496 416 512 416 0 7333.33
w 384 416 400 512 0
w 384 448 400 480 0
w 384 512 400 416 0
w 384 480 400 448 0
164 288 416 352 416 12 4 0 5 5 0 false 0
208 400 416 432 416 0 default 0 0 0 0 0 0 0 0 0 0 0 0 0 0 5 0
x 601 382 625 385 4 12 Vout
x 12 392 61 395 4 24 Free
w -128 496 288 480 0
w 288 416 -224 544 0
w 288 512 -128 528 0
w -128 528 -128 544 0
x 311 380 407 383 4 24 Clamped
x 872 863 1144 866 4 50 node2\s(free)
x 1456 -103 1728 -100 4 50 node3\s(free)
x 1831 332 1927 335 4 24 Clamped
w 1392 480 1392 496 0
w 1808 464 1392 480 0
w 1808 368 1296 496 0
w 1392 448 1808 432 0
x 1532 344 1581 347 4 24 Free
x 2121 334 2145 337 4 12 Vout
208 1920 368 1952 368 0 default 0 0 0 0 0 0 0 0 0 0 0 0 0 0 5 0
164 1808 368 1872 368 12 4 0 5 5 0 false 0
w 1904 432 1920 400 0
w 1904 464 1920 368 0
w 1904 400 1920 432 0
w 1904 368 1920 464 0
r 2016 368 2032 368 0 7333.33
r 2016 400 2032 400 0 7333.33
r 2016 432 2032 432 0 7333.33
r 2016 464 2032 464 0 7333.33
t 2032 368 2048 368 0 1 -1.2315303088031482 -1.4999999901181156 100 default
t 2048 400 2064 400 0 1 -1.2374064980991832 -1.4999999900750236 100 default
t 2032 432 2048 432 0 1 -1.2432826882346477 -1.4999999900319314 100 default
t 2048 464 2064 464 0 1 -1.2491588792187203 -1.4999999899888394 100 default
w 2032 400 2048 400 0
w 2032 464 2048 464 0
r 2080 400 2096 400 0 781
r 2096 400 2112 400 0 781
r 2112 400 2128 400 0 781
r 2128 400 2144 400 0 781
w 2080 400 2080 352 0
w 2080 352 2080 336 0
368 2160 352 2192 352 0 0
w 2160 352 2160 336 0
r 2016 592 2032 592 0 7333.33
r 2016 560 2032 560 0 7333.33
r 2016 528 2032 528 0 7333.33
r 2016 496 2032 496 0 7333.33
r 2016 720 2032 720 0 7333.33
r 2016 688 2032 688 0 7333.33
r 2016 656 2032 656 0 7333.33
r 2016 624 2032 624 0 7333.33
r 2016 848 2032 848 0 7333.33
r 2016 816 2032 816 0 7333.33
r 2016 784 2032 784 0 7333.33
r 2016 752 2032 752 0 7333.33
x 2046 333 2063 336 4 12 Vin
w 2048 384 2160 352 0
w 2064 416 2160 352 0
w 2048 448 2160 352 0
w 2064 480 2160 352 0
w 2048 352 2080 400 0
w 2064 384 2096 400 0
w 2048 416 2112 400 0
w 2064 448 2128 400 0
w 2064 576 2128 528 0
w 2048 544 2112 528 0
w 2064 512 2096 528 0
w 2048 480 2080 528 0
w 2064 608 2160 480 0
w 2048 576 2160 480 0
w 2064 544 2160 480 0
w 2048 512 2160 480 0
r 2128 528 2144 528 0 781
r 2112 528 2128 528 0 781
r 2096 528 2112 528 0 781
r 2080 528 2096 528 0 781
w 2032 592 2048 592 0
w 2032 528 2048 528 0
t 2048 592 2064 592 0 1 -1.2726636518246561 -1.499999989816471 100 default
t 2032 560 2048 560 0 1 -1.2667874573543678 -1.4999999898595633 100 default
t 2048 528 2064 528 0 1 -1.2609112637694015 -1.4999999899026553 100 default
t 2032 496 2048 496 0 1 -1.2550350710605787 -1.4999999899457475 100 default
w 2160 480 2160 352 0
w 2080 528 2144 400 0
w 2064 704 2128 656 0
w 2048 672 2112 656 0
w 2064 640 2096 656 0
w 2048 608 2080 656 0
w 2064 736 2160 608 0
w 2048 704 2160 608 0
w 2064 672 2160 608 0
w 2048 640 2160 608 0
r 2128 656 2144 656 0 781
r 2112 656 2128 656 0 781
r 2096 656 2112 656 0 781
r 2080 656 2096 656 0 781
w 2032 720 2048 720 0
w 2032 656 2048 656 0
t 2048 720 2064 720 0 1 -1.296168438742603 -1.4999999896441027 100 default
t 2032 688 2048 688 0 1 -1.2902922406392403 -1.499999989687195 100 default
t 2048 656 2064 656 0 1 -1.284416043457914 -1.499999989730287 100 default
t 2032 624 2048 624 0 1 -1.2785398471894456 -1.4999999897733791 100 default
w 2080 656 2144 528 0
w 2160 608 2160 480 0
w 2064 832 2128 784 0
w 2048 800 2112 784 0
w 2064 768 2096 784 0
w 2048 736 2080 784 0
w 2064 864 2160 736 0
w 2048 832 2160 736 0
w 2064 800 2160 736 0
w 2048 768 2160 736 0
r 2128 784 2144 784 0 781
r 2112 784 2128 784 0 781
r 2096 784 2112 784 0 781
r 2080 784 2096 784 0 781
w 2032 848 2048 848 0
w 2032 784 2048 784 0
t 2048 848 2064 848 0 1 -0.6568985189466778 -1.49999999433208 100 default
t 2032 816 2048 816 0 1 0.5733995677938357 0.3871966169557064 100 default
t 2048 784 2064 784 0 1 -1.3079208377521527 -1.4999999895579186 100 default
t 2032 752 2048 752 0 1 -1.302044637777181 -1.4999999896010108 100 default
w 2080 784 2144 656 0
w 2160 736 2160 608 0
g 2144 784 2144 800 0 0
w 1296 496 1280 496 0
w 1392 400 1392 448 0
g 1728 800 1728 816 0 0
w 1744 752 1744 624 0
w 1664 800 1728 672 0
t 1616 768 1632 768 0 1 -1.3019733046612467 -1.494120989842577 100 default
t 1632 800 1648 800 0 1 -1.3078442422245111 -1.4941209897995233 100 default
t 1616 832 1632 832 0 1 0.5734001941954368 0.39299438518078667 100 default
t 1632 864 1648 864 0 1 -0.6568575899771909 -1.4941209945734233 100 default
w 1616 800 1632 800 0
w 1616 864 1632 864 0
r 1664 800 1680 800 0 781
r 1680 800 1696 800 0 781
r 1696 800 1712 800 0 781
r 1712 800 1728 800 0 781
w 1632 784 1744 752 0
w 1648 816 1744 752 0
w 1632 848 1744 752 0
w 1648 880 1744 752 0
w 1632 752 1664 800 0
w 1648 784 1680 800 0
w 1632 816 1696 800 0
w 1648 848 1712 800 0
w 1744 624 1744 496 0
w 1664 672 1728 544 0
t 1616 640 1632 640 0 1 -1.2784895637652225 -1.494120990014791 100 default
t 1632 672 1648 672 0 1 -1.2843604976040142 -1.4941209899717376 100 default
t 1616 704 1632 704 0 1 -1.2902314323601685 -1.494120989928684 100 default
t 1632 736 1648 736 0 1 -1.2961023680428558 -1.4941209898856305 100 default
w 1616 672 1632 672 0
w 1616 736 1632 736 0
r 1664 672 1680 672 0 781
r 1680 672 1696 672 0 781
r 1696 672 1712 672 0 781
r 1712 672 1728 672 0 781
w 1632 656 1744 624 0
w 1648 688 1744 624 0
w 1632 720 1744 624 0
w 1648 752 1744 624 0
w 1632 624 1664 672 0
w 1648 656 1680 672 0
w 1632 688 1696 672 0
w 1648 720 1712 672 0
w 1664 544 1728 416 0
w 1744 496 1744 368 0
t 1616 512 1632 512 0 1 -1.2550058374002757 -1.494120990187005 100 default
t 1632 544 1648 544 0 1 -1.2608767676613206 -1.4941209901439514 100 default
t 1616 576 1632 576 0 1 -1.2667476988030464 -1.494120990100898 100 default
t 1632 608 1648 608 0 1 -1.2726186308346235 -1.4941209900578445 100 default
w 1616 544 1632 544 0
w 1616 608 1632 608 0
r 1664 544 1680 544 0 781
r 1680 544 1696 544 0 781
r 1696 544 1712 544 0 781
r 1712 544 1728 544 0 781
w 1632 528 1744 496 0
w 1648 560 1744 496 0
w 1632 592 1744 496 0
w 1648 624 1744 496 0
w 1632 496 1664 544 0
w 1648 528 1680 544 0
w 1632 560 1696 544 0
w 1648 592 1712 544 0
w 1648 464 1712 416 0
w 1632 432 1696 416 0
w 1648 400 1680 416 0
w 1632 368 1664 416 0
w 1648 496 1744 368 0
w 1632 464 1744 368 0
w 1648 432 1744 368 0
w 1632 400 1744 368 0
x 1630 349 1647 352 4 12 Vin
r 1600 768 1616 768 0 7333.33
r 1600 800 1616 800 0 7333.33
r 1600 832 1616 832 0 7333.33
r 1600 864 1616 864 0 7333.33
r 1600 640 1616 640 0 7333.33
r 1600 672 1616 672 0 7333.33
r 1600 704 1616 704 0 7333.33
r 1600 736 1616 736 0 7333.33
r 1600 512 1616 512 0 7333.33
r 1600 544 1616 544 0 7333.33
r 1600 576 1616 576 0 7333.33
r 1600 608 1616 608 0 7333.33
w 1744 368 1744 352 0
368 1744 368 1776 368 0 0
w 1664 368 1664 352 0
w 1664 416 1664 368 0
r 1712 416 1728 416 0 781
r 1696 416 1712 416 0 781
r 1680 416 1696 416 0 781
r 1664 416 1680 416 0 781
w 1616 480 1632 480 0
w 1616 416 1632 416 0
t 1632 480 1648 480 0 1 -1.2491349080107412 -1.4941209902300583 100 default
t 1616 448 1632 448 0 1 -1.243263979483547 -1.4941209902731118 100 default
t 1632 416 1648 416 0 1 -1.2373930518095222 -1.4941209903161652 100 default
t 1616 384 1632 384 0 1 -1.231522124979497 -1.4941209903592187 100 default
r 1600 480 1616 480 0 7333.33
r 1600 448 1616 448 0 7333.33
r 1600 416 1616 416 0 7333.33
r 1600 384 1616 384 0 7333.33
w 1296 496 1392 384 0
w 1296 496 1296 432 0
w 1200 416 1248 416 0
w 1232 384 1248 384 0
w 1232 416 1232 384 0
w 1488 384 1504 480 0
w 1488 416 1504 448 0
w 1488 480 1504 384 0
w 1488 448 1504 416 0
164 1392 384 1456 384 12 4 0 5 5 0 false 0
150 1248 400 1296 400 0 2 5 5
208 1504 384 1536 384 0 default 0 0 0 0 0 0 0 0 0 0 0 0 0 0 5 0
x 1082 435 1130 438 4 12 Clamped
x 1105 404 1129 407 4 12 Free
R 1168 368 1136 368 0 0 40 0 0 0 0.5
155 1296 400 1360 400 0 0
R 1248 448 1280 448 0 0 40 5 0 0 0.5
r 1200 448 1200 416 0 100000
r 1232 448 1232 416 0 100000
w 1248 448 1232 448 0
w 1232 448 1200 448 0
w 1200 416 1200 400 0
a 1136 416 1200 416 8 5 0 1000000 1.494121000240612 1.5 100000
a 1168 384 1232 384 8 5 0 1000000 0 1.5 100000
x 1179 331 1258 334 4 14 Clamped\s>\s0
x 1106 484 1206 487 4 14 Clamped\s>\sFree
x 1705 350 1729 353 4 12 Vout
x 839 -324 935 -321 4 24 Clamped
w 400 -176 400 -160 0
w 816 -192 400 -176 0
w 816 -288 304 -160 0
w 400 -208 816 -224 0
x 540 -312 589 -309 4 24 Free
x 1129 -322 1153 -319 4 12 Vout
208 928 -288 960 -288 0 default 0 0 5 0 0 0 0 0 0 0 0 0 0 0 0 0
164 816 -288 880 -288 12 4 5 0 5 0 false 0
w 912 -224 928 -256 0
w 912 -192 928 -288 0
w 912 -256 928 -224 0
w 912 -288 928 -192 0
r 1024 -288 1040 -288 0 7333.33
r 1024 -256 1040 -256 0 7333.33
r 1024 -224 1040 -224 0 7333.33
r 1024 -192 1040 -192 0 7333.33
t 1040 -288 1056 -288 0 1 -1.4999999878926722 -4.999999987892672 100 default
t 1056 -256 1072 -256 0 1 -1.8301460494899335 -4.999999985471602 100 default
t 1040 -224 1056 -224 0 1 0.5652834096312169 -2.274424463300332 100 default
t 1056 -192 1072 -192 0 1 -2.0059855415204524 -4.999999984182113 100 default
w 1040 -256 1056 -256 0
w 1040 -192 1056 -192 0
r 1088 -256 1104 -256 0 781
r 1104 -256 1120 -256 0 781
r 1120 -256 1136 -256 0 781
r 1136 -256 1152 -256 0 781
w 1088 -256 1088 -304 0
w 1088 -304 1088 -320 0
368 1168 -304 1200 -304 0 0
w 1168 -304 1168 -320 0
r 1024 -64 1040 -64 0 7333.33
r 1024 -96 1040 -96 0 7333.33
r 1024 -128 1040 -128 0 7333.33
r 1024 -160 1040 -160 0 7333.33
r 1024 64 1040 64 0 7333.33
r 1024 32 1040 32 0 7333.33
r 1024 0 1040 0 0 7333.33
r 1024 -32 1040 -32 0 7333.33
r 1024 192 1040 192 0 7333.33
r 1024 160 1040 160 0 7333.33
r 1024 128 1040 128 0 7333.33
r 1024 96 1040 96 0 7333.33
x 1054 -323 1071 -320 4 12 Vin
w 1056 -272 1168 -304 0
w 1072 -240 1168 -304 0
w 1056 -208 1168 -304 0
w 1072 -176 1168 -304 0
w 1056 -304 1088 -256 0
w 1072 -272 1104 -256 0
w 1056 -240 1120 -256 0
w 1072 -208 1136 -256 0
w 1072 -80 1136 -128 0
w 1056 -112 1120 -128 0
w 1072 -144 1104 -128 0
w 1056 -176 1088 -128 0
w 1072 -48 1168 -176 0
w 1056 -80 1168 -176 0
w 1072 -112 1168 -176 0
w 1056 -144 1168 -176 0
r 1136 -128 1152 -128 0 781
r 1120 -128 1136 -128 0 781
r 1104 -128 1120 -128 0 781
r 1088 -128 1104 -128 0 781
w 1040 -64 1056 -64 0
w 1040 -128 1056 -128 0
t 1056 -64 1072 -64 0 1 -1.3887592577805534 -4.999999988708438 100 default
t 1040 -96 1056 -96 0 1 -1.543065830599448 -4.999999987576857 100 default
t 1056 -128 1072 -128 0 1 -1.6973724020017116 -4.9999999864452755 100 default
t 1040 -160 1056 -160 0 1 -1.8516789722283709 -4.9999999853136945 100 default
w 1168 -176 1168 -304 0
w 1088 -128 1152 -256 0
w 1072 48 1136 0 0
w 1056 16 1120 0 0
w 1072 -16 1104 0 0
w 1056 -48 1088 0 0
w 1072 80 1168 -48 0
w 1056 48 1168 -48 0
w 1072 16 1168 -48 0
w 1056 -16 1168 -48 0
r 1136 0 1152 0 0 781
r 1120 0 1136 0 0 781
r 1104 0 1120 0 0 781
r 1088 0 1104 0 0 781
w 1040 64 1056 64 0
w 1040 0 1056 0 0
t 1056 64 1072 64 0 1 -0.7715329475181264 -4.999999993234762 100 default
t 1040 32 1056 32 0 1 -0.9258395284138141 -4.999999992103181 100 default
t 1056 0 1072 0 0 1 -1.0801461069287634 -4.9999999909716 100 default
t 1040 -32 1056 -32 0 1 -1.2344526833040013 -4.999999989840019 100 default
w 1088 0 1152 -128 0
w 1168 -48 1168 -176 0
w 1072 176 1136 128 0
w 1056 144 1120 128 0
w 1072 112 1104 128 0
w 1056 80 1088 128 0
w 1072 208 1168 80 0
w 1056 176 1168 80 0
w 1072 144 1168 80 0
w 1056 112 1168 80 0
r 1136 128 1152 128 0 781
r 1120 128 1136 128 0 781
r 1104 128 1120 128 0 781
r 1088 128 1104 128 0 781
w 1040 192 1056 192 0
w 1040 128 1056 128 0
t 1056 192 1072 192 0 1 -0.15430659530745136 -4.999999997761086 100 default
t 1040 160 1056 160 0 1 -0.3086131881363625 -4.999999996629505 100 default
t 1056 128 1072 128 0 1 -0.46291977762042746 -4.999999995497924 100 default
t 1040 96 1056 96 0 1 -0.6172263640006731 -4.999999994366343 100 default
w 1088 128 1152 0 0
w 1168 80 1168 -48 0
g 1152 128 1152 144 0 0
w 304 -160 288 -160 0
w 400 -256 400 -208 0
g 736 144 736 160 0 0
w 752 96 752 -32 0
w 672 144 736 16 0
t 624 112 640 112 0 1 -0.6161524268572369 -4.999999994374218 100 default
t 640 144 656 144 0 1 -0.4621143247643182 -4.99999999550383 100 default
t 624 176 640 176 0 1 -0.30807621956632203 -4.999999996633442 100 default
t 640 208 656 208 0 1 -0.15403811102264084 -4.999999997763055 100 default
w 624 144 640 144 0
w 624 208 640 208 0
r 672 144 688 144 0 781
r 688 144 704 144 0 781
r 704 144 720 144 0 781
r 720 144 736 144 0 781
w 640 128 752 96 0
w 656 160 752 96 0
w 640 192 752 96 0
w 656 224 752 96 0
w 640 96 672 144 0
w 656 128 688 144 0
w 640 160 704 144 0
w 656 192 720 144 0
w 752 -32 752 -160 0
w 672 16 736 -112 0
t 624 -16 640 -16 0 1 -1.2323048089902884 -4.99999998985577 100 default
t 640 16 656 16 0 1 -1.0782667169116043 -4.999999990985382 100 default
t 624 48 640 48 0 1 -0.9242286226902724 -4.999999992114994 100 default
t 640 80 656 80 0 1 -0.770190526085686 -4.9999999932446055 100 default
w 624 16 640 16 0
w 624 80 640 80 0
r 672 16 688 16 0 781
r 688 16 704 16 0 781
r 704 16 720 16 0 781
r 720 16 736 16 0 781
w 640 0 752 -32 0
w 656 32 752 -32 0
w 640 64 752 -32 0
w 656 96 752 -32 0
w 640 -32 672 16 0
w 656 0 688 16 0
w 640 32 704 16 0
w 656 64 720 16 0
w 672 -112 736 -240 0
w 752 -160 752 -288 0
t 624 -144 640 -144 0 1 -1.8484571606907028 -4.999999985337321 100 default
t 640 -112 656 -112 0 1 -1.6944190747765329 -4.999999986466933 100 default
t 624 -80 640 -80 0 1 -1.5403809876821453 -4.999999987596545 100 default
t 640 -48 656 -48 0 1 -1.386342899166933 -4.999999988726157 100 default
w 624 -112 640 -112 0
w 624 -48 640 -48 0
r 672 -112 688 -112 0 781
r 688 -112 704 -112 0 781
r 704 -112 720 -112 0 781
r 720 -112 736 -112 0 781
w 640 -128 752 -160 0
w 656 -96 752 -160 0
w 640 -64 752 -160 0
w 656 -32 752 -160 0
w 640 -160 672 -112 0
w 656 -128 688 -112 0
w 640 -96 704 -112 0
w 656 -64 720 -112 0
w 656 -192 720 -240 0
w 640 -224 704 -240 0
w 656 -256 688 -240 0
w 640 -288 672 -240 0
w 656 -160 752 -288 0
w 640 -192 752 -288 0
w 656 -224 752 -288 0
w 640 -256 752 -288 0
x 638 -307 655 -304 4 12 Vin
r 608 112 624 112 0 7333.33
r 608 144 624 144 0 7333.33
r 608 176 624 176 0 7333.33
r 608 208 624 208 0 7333.33
r 608 -16 624 -16 0 7333.33
r 608 16 624 16 0 7333.33
r 608 48 624 48 0 7333.33
r 608 80 624 80 0 7333.33
r 608 -144 624 -144 0 7333.33
r 608 -112 624 -112 0 7333.33
r 608 -80 624 -80 0 7333.33
r 608 -48 624 -48 0 7333.33
w 752 -288 752 -304 0
368 752 -288 784 -288 0 0
w 672 -288 672 -304 0
w 672 -240 672 -288 0
r 720 -240 736 -240 0 781
r 704 -240 720 -240 0 781
r 688 -240 704 -240 0 781
r 672 -240 688 -240 0 781
w 624 -176 640 -176 0
w 624 -240 640 -240 0
t 640 -176 656 -176 0 1 -2.002495245665262 -4.999999984207709 100 default
t 624 -208 640 -208 0 1 0.5653256401405371 -2.2781410129967403 100 default
t 640 -240 656 -240 0 1 -1.8253271595464817 -4.999999985506941 100 default
t 624 -272 640 -272 0 1 -1.4941209881763968 -4.999999987935785 100 default
r 608 -176 624 -176 0 7333.33
r 608 -208 624 -208 0 7333.33
r 608 -240 624 -240 0 7333.33
r 608 -272 624 -272 0 7333.33
w 304 -160 400 -272 0
w 304 -160 304 -224 0
w 208 -240 256 -240 0
w 240 -272 256 -272 0
w 240 -240 240 -272 0
w 496 -272 512 -176 0
w 496 -240 512 -208 0
w 496 -176 512 -272 0
w 496 -208 512 -240 0
164 400 -272 464 -272 12 4 5 0 5 0 false 0
150 256 -256 304 -256 0 2 0 5
208 512 -272 544 -272 0 default 0 0 5 0 0 0 0 0 0 0 0 0 0 0 0 0
x 90 -221 138 -218 4 12 Clamped
x 113 -252 137 -249 4 12 Free
R 176 -288 144 -288 0 0 40 0 0 0 0.5
155 304 -256 368 -256 0 0
R 256 -208 288 -208 0 0 40 5 0 0 0.5
r 208 -208 208 -240 0 100000
r 240 -208 240 -240 0 100000
w 256 -208 240 -208 0
w 240 -208 208 -208 0
w 208 -240 208 -256 0
a 144 -240 208 -240 8 5 0 1000000 5 5 100000
a 176 -272 240 -272 8 5 0 1000000 0 5 100000
x 187 -325 266 -322 4 14 Clamped\s>\s0
x 114 -172 214 -169 4 14 Clamped\s>\sFree
x 713 -306 737 -303 4 12 Vout
x 90 -12 465 -9 4 50 node1\s(clamped)
w 144 400 -160 48 0
w 560 384 288 48 0
x 827 1053 1202 1056 4 50 node2\s(clamped)
w 224 400 1008 928 0
w 640 384 1024 1104 0
x 1450 79 1825 82 4 50 node3\s(clamped)
w 1008 928 1664 352 0
w 1744 352 1632 -48 0
w 1024 1104 2080 336 0
w 2160 336 1616 128 0
w 1632 -48 672 -304 0
w 752 -304 -160 48 0
w 1616 128 1088 -320 0
w 1168 -320 288 48 0
w 1168 400 1616 128 0
w 1136 432 1616 128 0
w 1136 400 1632 -48 0
w -352 448 1024 1104 0
w -384 480 1024 1104 0
w -384 448 1008 912 0
w 1008 912 1008 928 0
w 288 48 144 -224 0
w 288 48 176 -256 0
w 144 -256 -160 48 0
R 288 48 240 48 0 0 40 5 0 0 0.5
R -160 48 -208 48 0 0 40 5 0 0 0.5
R 1616 128 1616 192 0 0 40 1.5 0 0 0.5
x 411 -700 661 -697 4 100 Clock
x 834 -705 1095 -702 4 100 Reset
w 288 -160 544 -624 0
w 400 -160 976 -640 0
w 1280 496 544 -624 0
w 976 -640 1392 496 0
w -240 544 544 -496 0
w -128 544 928 -496 0
w 544 -496 544 -624 0
w 928 -496 976 -640 0
L 544 -624 512 -624 0 0 false 5 0
L 976 -640 928 -640 0 0 false 5 0
368 1632 -48 1664 -48 0 0
368 1616 128 1648 112 0 0
368 1008 928 1056 928 0 0
368 1024 1104 1040 1120 0 0
368 288 48 256 96 0 0
368 -160 48 -96 48 0 0
